45294480
25924294
22337289
37367114
64600836
45294480
25924294
42999394
474056
64600836
557532
22557779
24695552
21175578
35929639
45693958
43434185
24695552
19867144
72581260
41732749
40600746
59268428
43434185
28899531
19867144
532825
39172527
40600746
49344413
27672725
28899531
73459351
532825
21084089
30444604
49344413
27672725
35275319
31816131
1436
38841069
24517543
557404
45029209
69603325
31816131
1436
38841069
58419421
56506387
59108913
291510
20703003
72581260
24925985
32524121
56506387
34770503
291510
20703003
20579425
70339477
32524121
56506387
34770503
51487616
26184155
32292994
74079199
55378907
55955135
30889189
51487616
26184155
32292994
74079199
21851343
43705739
60947258
39085065
26192811
34570626
19698094
19051457
43705739
67421054
39085065
26192811
19285521
19698094
43395931
48962486
21437551
74399224
37144097
19285521
34287847
24746160
48962486
21437551
74399224
35554037
35033826
20112175
24746160
32386650
47029691
34082798
35554037
35033826
20112175
51638999
35457396
21788226
34082798
27213960
34570626
21366420
51638999
55409803
37305227
36810677
27213960
25243945
20611031
66711181
55409803
32242083
36810677
42018127
25243945
20611031
30297279
29229397
46613346
22573834
42018127
25243945
21084089
30297279
29229397
46613346
22573834
38853107
52716987
23047261
55378907
32386650
32239910
23586192
21334422
52716987
23047261
66151902
35018436
32239910
434382
54948170
40661961
39172527
66151902
55853033
19217005
434382
54948170
63029078
39172527
66151902
61848206
19217005
44670865
67199861
63029078
38966845
47260105
28884851
39101178
27796235
67199861
28957790
38966845
58062279
28884851
41658335
44334280
67199861
28957790
21084089
59219656
35707322
41658335
27807387
28800808
20035727
32392626
38816170
59220338
43655349
27807387
20577176
20035727
27812058
38816170
47519727
23652905
19910349
22426604
518475
39172527
64800183
47519727
32663323
19910349
22426604
518475
21084089
64800183
23288423
32663323
44670865
38853107
20142680
20112175
59681508
23288423
30067968
36439644
34037015
20142680
20112175
67580606
28560823
30067968
36439644
48212247
40661961
21084089
37752502
31889604
42026197
28383168
48212247
73459350
29533033
37752502
31889604
42026197
28383168
73759389
73459353
29533033
20097595
44264821
42026197
31892865
73459351
21701239
47034971
20097595
51583029
23453545
31892865
23888692
21701239
47034971
44202635
24228986
51133257
31892865
23888692
73459353
42762376
44202635
35160845
51133257
57459156
19543708
70011915
21542029
31546200
35160845
37752408
55935171
38795676
70011915
21542029
66153528
59412289
42697494
235849
49290688
22824171
41732749
66153528
59412289
29791327
47167313
49290688
23817924
41732749
32532665
24427522
35701447
20052877
24982769
23150461
28910586
51460949
24427522
35701447
64842843
24982769
23150461
21084089
51460949
19496366
35701447
43433932
59484117
36981463
525607
59681508
20970332
28747458
39691839
24391296
36119978
525607
50696983
26438190
28747458
39691839
24391296
53373482
20868998
64746474
26438190
47260004
162762
70039338
53373482
39161871
64746474
46349764
47260004
162762
48299138
21701239
42762376
65509560
24875468
47260004
20687538
48299138
47409305
24671130
72896804
24875468
47642171
20687538
19079393
36450379
30206248
72896804
23498998
39999608
31785265
60951803
36450379
30206248
41820896
22288109
21145148
31785265
60951803
73459350
65389099
41820896
22288109
48694028
64971050
38853107
68479082
26851284
47666308
27830021
48694028
64971050
43501045
65399098
26851284
47666308
47157071
30557194
24742991
374022
21616758
30266347
44556186
47157071
30557194
24742991
24811504
23589592
30266347
46206712
35312935
30557194
55974612
32520403
23589592
23557909
46206712
36445815
39869268
55974612
32751192
44979324
34022147
46224411
39469
36535508
23885365
32751192
42182033
32400810
71229242
39469
36535508
36386035
35652228
42182033
32400810
51618719
19913269
51052853
36386035
35652228
27470522
23115274
51618719
19913269
51052853
19840077
414457
27470522
31937841
46224411
51189482
47766338
19840077
49290688
20142680
31937841
49114375
37989697
47766338
50460757
49290688
22416752
39172527
49114375
37989697
26553058
50460757
37135458
22416752
39172527
53425946
41353593
26553058
24471655
21521914
19828074
21883744
53425946
41353593
57290801
24471655
21521914
51731724
67580799
53425946
23627564
57290801
49235043
59775249
28960942
30206248
58480588
30574009
19028875
49235043
59775249
28960942
23557909
46108002
30574009
44218091
56917991
247195
49241452
21529290
45430447
31024780
44218091
38671627
23214697
49241452
21529290
45430447
31584490
43159493
38671627
23214697
21931537
27794083
59670837
44470716
53890578
38671627
20481478
21931537
27794083
32548954
44470716
53890578
19849663
20481478
23355481
19577112
69602498
65050375
69272273
19849663
47992267
23355481
19577112
28453525
65050375
64169663
58112068
29165162
44664326
50999152
28453525
44907912
22418757
58112068
46402390
19561647
30266347
38749577
44907912
22418757
54727
46402390
19561647
21529290
38749577
54796196
31902868
54727
22645232
57019107
71899217
65149776
54796196
20761030
44989364
21752602
57019107
39745149
65149776
44590899
20761030
19884671
21752602
46429843
39745149
61062628
20909625
41215170
19884671
20577176
36400685
39161871
37909246
20909625
22900111
73011972
49290688
35032807
39161871
60554629
45135986
23198545
43193894
49290688
35032807
73099728
60554629
45135986
30265088
43193894
49290688
35032807
73099728
71472771
23992700
61211014
42035091
43158551
19843806
20024227
64479863
39889865
68340739
42035091
24881593
23855467
21219157
51370350
39889865
68340739
27710803
24881593
23855467
21219157
51370350
38191079
41932537
49072548
21809539
59553623
51802872
71779443
36715674
36845883
49072548
21809539
21726097
68469260
71779443
44950564
29752282
39626716
26444213
51796562
68469260
19445836
44950564
29752282
39626716
36562584
30743640
21193669
38342227
49420706
40679730
34909301
36562584
30743640
21193669
38342227
49113548
52681189
34909301
74399278
19503830
28897827
19886303
31284845
52681189
31290134
24982769
19503830
28897827
19886303
31284845
69272273
31290134
60314629
35032807
62372968
71472771
38191079
30407582
37035958
53373482
34469363
62372968
40360917
47062391
35773494
34016470
53373482
34469363
51802872
40360917
29439196
55579744
26302223
20747242
21456134
307822
60150916
29439196
36383706
26302223
19780523
21456134
307822
60150916
45432558
57539218
25069192
20211075
70029166
32400810
23466501
45432558
57539218
25069192
20211075
28960942
32400810
23466501
53267093
19800608
45090654
34197844
28960942
31588136
22971479
28684013
39170635
29462050
19796549
20971952
20112175
66822808
20433226
39170635
29462050
19796549
20971952
31273666
66822808
48468992
60152482
20067790
58421117
44431752
31273666
48929431
26554664
60152482
20067790
20732255
26289480
47371195
48929431
26554664
30407582
20586667
20732255
40944918
47371195
44778607
51754337
64319130
20586667
34018967
40944918
37370762
19050465
44522060
30959450
27253842
34018967
19979282
37370762
42729667
45112416
44197785
27253842
25421851
19979282
31273666
42729667
45112416
44197785
21577835
25421851
19828074
262255
42726368
45112416
44641700
20001945
70423058
23353829
20947579
34229883
32343711
44641700
32903289
20100530
36111109
20947579
34229883
32343711
59481566
47156507
32153637
36111109
19936601
569313
21183853
59489887
47156507
32153637
74689287
19936601
569313
65123240
59489887
20001945
21757370
74689287
262255
66920018
25223174
55853014
61822819
20678849
73170097
37253450
66920018
25223174
55853014
67021501
68063155
73170097
37253450
42726368
71159991
66679910
67021501
68063155
24269013
19199530
57303118
27960990
61275202
56397325
24399368
53801673
30036581
57303118
46335327
53909311
56397325
53362467
53801673
30036581
67149467
46335327
53909311
45112570
53362467
23255642
37253450
19301377
38346055
48963745
45112570
39174750
23255642
32400810
19301377
46701237
48963745
50707609
39174750
19806051
40999945
36189938
46701237
25205701
35668182
48628919
40329034
40999945
36189938
46701237
25205701
71683012
35982575
23557020
23965783
66029206
37294735
70379861
19031959
21567033
23557020
23965783
66029206
37294735
70379861
19031959
22498661
23789807
41732749
66029206
570798
46161557
38926278
22498661
47153114
41732749
52324807
570798
46161557
23974109
21064220
47153114
40661961
70019155
20770209
27932750
39004501
26088182
45241804
25453776
32299846
28684059
26593088
35204481
45241804
25453776
34761215
24813703
44030779
43771039
71710976
21133544
29647265
30419605
24813703
44030779
59679760
71710976
45033188
581716
55524121
51550122
44032836
65009423
33998450
19326163
22246967
55524121
46053433
24438051
65009423
51589513
19326163
22246967
55524121
46053433
53416409
34909301
51589513
398566
23162732
50094607
35675995
47150849
34909301
59775249
398566
24509336
41721588
35183078
47150849
29702176
59775249
36400685
39172527
41721588
35183078
69383278
27059682
17422
32292994
39172527
50094607
31513067
69383278
22673893
39004125
32292994
40984753
18994400
31513067
37946256
22673893
39004125
36119978
32299846
19695681
47455965
37946256
20540796
20331258
24934464
57029156
57590388
42801732
59831648
40316360
20833897
22416752
57029156
25511606
42801732
59831648
49981655
20833897
63029078
32392626
25511606
40351669
44060161
49981655
68420999
21144092
40661961
66529749
30114270
22950842
19206588
31753007
25913399
40661961
47719606
30114270
22950842
198331
20017478
32292994
40984753
48102122
31383214
158935
198331
20017478
51680686
23047261
48102122
31383214
158935
20540796
22150475
20893448
10077
66529749
26542663
27852725
24860194
20852589
20893448
10077
37102690
600404
51942712
38311818
28673753
52316360
22465970
23475148
243397
51942712
44090944
28673753
52316360
22465970
50676145
243397
28549138
44090944
21254657
38911306
31602758
69460156
63603540
28549138
30003194
20014327
38911306
38841069
45608007
63603540
45154171
30003194
20014327
23789807
38841069
40824697
39913978
46771349
46002645
21456134
19979141
35590582
40824697
50922897
30018013
46002645
59775249
19979141
31300356
19367174
27662364
30018013
46002645
59775249
28725693
31300356
19367174
20366861
32763661
45677032
52559520
36119978
32171663
41309060
39484868
46632372
34213452
28838265
26384708
20533841
53364693
53763785
46632372
34213452
32171652
26522373
21542029
53364693
53763785
47450804
20237267
19875787
26522373
53317980
22154351
52659540
43271270
20237267
33320446
21169018
53317980
22154351
52659540
40470928
45463832
51536565
70011915
28910586
70590000
27692831
40470928
39566780
51536565
36982667
28910586
70590000
66143441
39522024
39566780
23229800
36982667
28910586
65802106
66143441
39522024
22573834
34824533
39028853
21084089
65610444
38828096
27852725
24235918
34824533
25243945
21084089
42772087
50810675
22588916
26817658
74689205
25243945
32171663
42772087
50810675
22588916
39229598
23157360
157809
35590582
65802106
29570852
64874995
39229598
21706564
157809
21084089
52417311
29570852
64874995
30963391
38702465
19596308
38841069
21108601
25713753
22835848
26418405
38702465
19596308
38841069
26735070
63632164
31982859
20053714
51167062
19596308
21944884
66349810
63632164
31982859
20053714
22848874
22824171
34761215
60742013
26542663
30870325
20778826
22848874
53801673
25935242
66349810
32510337
30870325
20778826
22848874
53801673
71899217
19938099
52209126
49219744
47401934
30307001
50525968
40661961
19938099
52209126
58798608
47401934
23674572
50525968
40661961
21796044
59500415
58798608
37838557
22205540
19984811
38809624
21796044
59500415
48415046
37838557
22205540
21133544
465551
26579462
42162671
69840895
65203214
60079250
28978271
465551
20813826
42162671
69840895
64725927
22654107
28978271
20610274
72894061
23355647
35872783
64725927
22654107
28663867
20610274
72894061
23355647
19148496
64725927
26849061
36661325
19936601
38289626
31761702
48087030
73469375
26849061
36661325
31937841
52407385
373414
48087030
73469375
22150475
26727450
19577112
40090111
56401389
48415046
27902612
25403638
22946930
19577112
21958667
48588530
26178634
27902612
35859590
22946930
73469125
20386349
35073611
50972719
35165330
35859590
36982667
73469125
57423180
65094844
22204554
23702204
22982890
20142680
73469125
57423180
65094844
22204554
25113742
34824533
20142680
28910586
38017259
568260
19985647
32419755
34824533
26727450
25935242
69891718
568260
19985647
32419755
34824533
23219007
31804754
69891718
568260
34469729
19147997
34824533
39561509
74079199
29561498
34990748
23071401
19147997
40511600
39561509
30266347
29561498
34990748
28419881
34804540
30923452
28838265
30266347
53745234
25332247
28419881
34804540
30923452
28838265
38809624
53745234
31306076
22707960
50789152
25747489
23428739
25935242
22784725
31306076
24741522
31010939
45594005
23428739
43340903
65000600
45016177
24741522
31010939
23955826
22059766
35613563
65000600
45016177
50972719
25286936
23955826
32292994
35613563
44724554
459040
25918674
55974612
39889138
32292994
23807107
38631441
20136567
25918674
55974612
30413915
67209107
30036581
28921328
53113283
19434654
32850634
36562584
29607673
30036581
28921328
53113283
19434654
22573834
36562584
518475
67105577
37899333
74399115
59882513
22200123
26444213
532825
67105577
29259672
74399115
23036097
59137377
26444213
532825
23557909
63560105
31413211
23036097
38140269
32531690
36400685
48547745
63560105
31413211
37795357
38140269
70340345
36400685
26114733
44332437
24904345
37795357
29276414
22565885
49159160
73759392
72080278
24904345
31060026
45124280
34471433
73759389
73759392
56936103
34000453
55289164
23345284
24618629
57019107
67580799
56936103
34000453
55289164
23345284
24708124
57019107
68159208
38875971
34000453
45231637
52447808
24708124
66914003
26114733
32594830
23239409
61512683
52447808
66914003
24823364
43340903
32594830
23239409
25947298
59718424
40019735
19665819
21623482
65532338
25619734
25947298
59718424
40019735
19665819
21623482
48055979
25619734
45231637
36515136
60278997
30563611
31804754
45154420
27953689
19798864
30930272
60278997
72849271
22138282
45154420
27953689
19798864
36754137
22489376
25807595
22138282
37899333
44711947
20132789
28950677
19393762
25807595
32400810
38289626
44711947
20132789
28950677
53898022
20142680
32400810
55440886
30869555
26315227
28899517
23683461
20142680
41732749
67981412
30869555
25206355
28899517
23683461
22416752
41732749
51467381
26256813
19681199
177083
23577650
26522373
32392626
52099412
26173232
45001747
177083
23577650
26522373
32392626
52099412
26173232
45001747
44822581
43158452
28838265
525607
47649790
48162752
29555413
19271819
43158452
68159194
525607
24072765
48162752
21899208
39080534
22645232
532825
23557909
24072765
103525
21003197
39080534
23413802
36450379
23557909
50745869
20856607
21003197
20536554
23413802
36450379
525607
41229834
20856607
45801409
20536554
23413802
28838265
32392626
41229834
66699102
34950689
38258437
32531690
21262532
30266347
37063634
36881765
34950689
38258437
25147442
20533973
24198678
38034938
23426349
59120503
69211567
25365869
26735805
44316216
21359276
59723645
59120503
69211567
25365869
24934464
54886348
21359276
21005966
59120503
33110307
22143513
24934464
23552941
35290882
21005966
45231637
33110307
26731220
19360235
23047261
56428653
39640857
30242273
31785265
26731220
74689111
74079199
56428653
39640857
25203544
31785265
30184991
40326625
74079199
23279389
24480606
50013014
19328046
41885666
35032807
20415911
21530945
29729349
32794858
19328046
41885666
35032807
32672912
69181969
19433536
32794858
59138657
38720978
35032807
39745149
23487826
49951708
34620372
59138657
44679628
45033188
37910602
31655121
49951708
34620372
44822581
44679628
65802551
66823798
47784174
58331423
40959804
21446650
49273888
25690936
66823798
47784174
20080884
40959804
20865362
49273888
50236984
73099728
23279389
20080884
55908101
24576697
35018026
50236984
32672912
23279389
21728905
35234005
24576697
35018026
34373442
20989697
35152362
25345399
35234005
21903351
21704426
34373442
20989697
35152362
34522098
30407491
21903351
31331667
29130154
57029156
29679986
39151036
30407491
35164431
31331667
413139
32235221
44872543
66142456
36011121
35164431
33071743
413139
21124626
43489841
23432660
51506204
35770146
24945147
23459413
71919334
43489841
23432660
51506204
35770146
53362467
23459413
55629820
35962135
69200186
32759244
25327295
53362467
19578749
24198678
35962135
48960467
32759244
25327295
32596803
70339620
24509336
108196
28669622
45231637
43531884
32596803
22282221
32661128
55344110
45411859
20541492
41820663
426288
22282221
1496
24955270
45411859
19944026
41820663
23690231
52316360
51405
52446854
51959676
35689513
20280475
23690231
47852122
32661128
52446854
51959676
35689513
29484286
27429926
47852122
32661128
53449119
60189258
38236988
49122249
27429926
47852122
24509336
70339084
60189258
28669233
49122249
34169491
20739331
34022147
70339084
25170503
41906027
48171912
34169491
20739331
51589239
53123611
39469781
41906027
21446650
46402390
20465544
73459350
39693807
39469781
22063241
20514959
63556984
36990297
20868998
39693807
22472635
35499253
20514959
21596378
22910695
20868998
59945268
40825610
35499253
71102445
53191707
22910695
71899217
59945268
25917426
35499253
71102445
21634402
24719290
26190939
53449119
25917426
22063241
60240039
21634402
24719290
27794083
62314620
54390494
67391250
60240039
69719188
53763743
27794083
62314620
56562845
37278056
20733117
69719188
53763743
71899217
50993339
56562845
40661168
24583671
38344150
41275742
34022147
50993339
531628
40661168
66914587
38344150
20469882
19920510
62314620
531628
22063241
66914587
23068506
19836165
19920510
55440886
103525
69600796
19127371
23068506
19836165
34022147
59144
50163418
60339091
32284809
21317120
35033826
30206248
19222486
50163418
60339091
32284809
21317120
28663867
30206248
19222486
53387561
57000264
28424032
26849061
39161871
47371195
29532923
53387561
57000264
32605209
374022
43740142
32400810
59274409
23841269
52796904
32605209
24760331
43740142
10077
46991889
23841269
26519937
24495394
24477821
34084652
10077
25911422
53000169
26519937
24495394
25365869
34084652
10077
25911422
53000169
24704142
43443237
25365869
19979141
19967304
29532923
60464601
24704142
43443237
25421851
19979141
37910602
59760688
27810436
38886098
21509142
25421851
44141483
37910602
59760688
71099406
23273360
21509142
19455703
28661557
34022147
70039416
71099406
23273360
21265590
19455703
47136335
31804754
70039416
22706188
36375300
21265590
44912458
37362949
31804754
70290523
22706188
36375300
42782346
22352248
20397533
73099728
70290523
57512102
476266
42782346
22352248
20397533
73099728
56496915
25103104
476266
21265590
46402390
19979141
73099728
50817366
25103104
37096465
20446326
19737870
39812832
30206248
50817366
23244466
39658984
21853773
19737870
39812832
31588136
20718943
23244466
39658984
34704415
19737870
39812832
34022147
20718943
57512102
28432071
22496191
19737870
23789807
27470522
31198839
62296383
38746406
32160099
44979338
19828074
27470522
20234797
44114849
24145635
32160099
44979338
518475
34022147
20234797
44114849
24145635
25792271
27767895
21390175
70339477
43986591
37457489
149188
45795802
20793637
26289480
73469125
59178
39598090
24334038
26169561
19267901
26289480
69892366
42773499
19076915
31703544
70102668
19267901
47165206
21883744
42773499
19076915
31703544
70102668
19267901
34570626
23115274
43986591
74699131
31703544
35942165
22205540
34570626
581716
70319866
74699131
30846667
35942165
22205540
26230567
29360758
35663426
35802601
30846667
38695190
22205540
26230567
29360758
69929782
35802601
40151451
38695190
47022477
518475
32400810
69929782
68702177
40151451
49022647
47022477
24332462
32400810
50972328
66689939
74989167
49022647
23222827
243429
29360758
64914664
66689939
33680114
49022647
23222827
243429
19577112
71180058
66689939
33680114
29194631
71299570
63029078
22138282
71180058
45066680
49720700
23195020
71299570
21103810
19577112
19418133
23729089
49720700
19476781
22205540
22059766
23047261
19418133
23729089
22060958
19476781
40965824
518475
34022147
43986591
46249312
47694552
22040921
41278603
21262532
20868998
50435563
24420450
38691722
22040921
41278603
22775683
465551
60022483
24420450
38691722
29264068
19455703
19873955
53317980
60022483
31469302
456618
37738059
19455703
39933815
53317980
43986591
46632663
51676209
37738059
37532228
39933815
53317980
32157957
29364538
22962045
19534718
50798830
21103810
20868998
35890852
40829203
22962045
37537445
50798830
22130300
32400810
40150341
26852807
21366618
32928792
20577176
7250
21944884
40150341
26852807
56829548
32928792
38772045
7250
22325691
42872646
28780529
51650257
20067790
22654107
47212115
22325691
42872646
26243399
39773291
20067790
22654107
47212115
27794083
32867304
26243399
22766968
30432260
51063074
22955225
27794083
20734202
72749173
22766968
30432260
51063074
26384708
24444602
20734202
72749173
40151451
29264068
44989362
26384708
262255
32867304
31774648
38769827
37824378
44989362
40944918
262255
72080332
31774648
38769827
37824378
40965824
27812058
21084089
72080332
47770408
71640017
30393259
47153986
22350178
21084089
20347292
48365531
71640017
30393259
47153986
34057485
28910586
20347292
65221242
49374230
36799447
21329098
24907087
28910586
20347292
65221242
49374230
36799447
20211075
20914354
28910586
49049419
69752077
42028734
19881702
28772278
43668432
21944884
49049419
69752077
42028734
19881702
28772278
47153114
35590582
29537862
24092965
50720100
23763528
295500
47153114
27470522
50351113
24092965
64119958
34841034
295500
19353105
27470522
37349659
37957946
64119958
45567355
30980735
19353105
51802872
37349659
30071505
25320185
45567355
41707141
20132258
51802872
20025141
64927586
307293
32392880
41707141
20132258
48547745
20025141
64927586
307293
32392880
26184155
21316790
22325691
39554626
20871915
36359860
50096253
26184155
21316790
262255
23076971
59276023
32399524
40622650
32633776
39957695
21219157
38841835
59276023
39287381
51641274
53898022
26849061
262255
24797669
59541574
24644775
46551263
28987181
26849061
262255
43095417
59541574
50891044
46551263
28987181
27812058
262255
43095417
36457284
50891044
28962620
21289227
19734168
30125892
22186182
39037321
36839465
36800261
65981701
41777257
19920510
22186182
41701414
36839465
21952380
65981701
41777257
32299846
27696624
35294973
23701476
74689112
38979782
21451895
581716
27696624
34308969
23701476
74689112
38979782
518475
73469125
20119430
34308969
23701476
74689112
38979782
518475
23047261
20119430
47003810
50720100
28962620
29820724
42980283
23047261
37295160
50205319
50720100
22401291
43807141
19979282
19920510
37295160
53364061
33983334
31400823
69719188
23162549
21084089
49064174
53364061
19354680
34034394
69719188
49290688
28910586
27751613
47720918
19354680
20395272
38067655
49290688
20868998
27751613
20446467
37757005
20395272
70542063
35221469
32299846
27751613
20446467
37757005
38761967
31816131
19701911
32299846
39554626
47003810
316931
43351649
31816131
36111109
61542283
40110008
42760438
316931
51789400
46019174
20142680
22246967
64978350
50792611
29244863
51789400
46019174
20142680
30206248
42980492
29391607
29244863
38761967
21289227
20142680
31937841
42980492
29391607
55861443
40542400
21978253
72849271
262255
37827142
65131636
55861443
88734
36764963
518475
262255
70642525
53009942
20280076
53976815
58149614
73529695
23162732
70642525
60239343
20280076
53976815
21684005
29305630
40661961
40590315
60239343
37977890
47446818
21684005
36719319
525607
40590315
26121312
37977890
24718490
20553399
39066996
525607
31265212
26121312
19809674
24718490
25421851
39066996
525607
53859683
23074627
27746648
24618834
25421851
296678
32932398
53859683
23074627
27746648
24618834
24662712
40583248
26190939
26348303
24961518
28451676
33110307
24662712
40583248
32400810
26348303
63810707
32173365
33110307
73759385
25690936
32400810
74699235
63810707
32173365
46002663
73759385
25690936
26190939
40910214
48365689
22992945
44484909
21595839
26384708
29360758
47962320
42224033
22992945
44484909
20534327
20893448
19199530
47962320
42224033
56000983
26061181
23429282
20045790
30206248
65441809
29199060
26809150
38980738
23429282
24236539
30206248
73082657
29199060
26809150
38980738
22660387
30563611
68469260
73082657
35223043
44661652
28899517
22660387
414457
67580799
25372034
47742648
44661652
28899517
23674572
414457
25935242
25372034
53809278
70491011
40542400
23674572
45920019
525607
65372142
53809278
70491011
40542400
19969614
21451895
41732749
24605825
46301422
29611514
23772627
44679628
21451895
27470522
40742268
24091466
42180480
23772627
44679628
26314816
27470522
68500695
24091466
20173963
67143711
52844872
26314816
21219157
68500695
19787827
20173963
67143711
52844872
34373442
37370762
48603318
19787827
36391883
67143711
24877718
21910325
26190939
41314424
