45294480
45294480
45294480
63683127
41229362
43319553
20278824
34264456
19832735
40251879
19832735
40251879
41229362
66223804
23559796
46581436
27312540
46581436
59070079
20313234
53891609
46509390
43168060
20174079
42856102
46509390
59696221
64875086
55974572
40745201
50786169
42712380
55974572
45174881
50786169
42712380
21744686
38862683
43168060
46188782
70103321
35672779
21998744
39743523
48490359
35672779
34237104
39743523
23289254
26195568
35932062
24366598
23289254
21714187
35932062
34512893
45188079
57659206
43665610
23116827
34512893
21022096
20091713
43665610
22766968
35048370
39205914
20091713
29307396
77734
19591634
39205914
57659206
65482252
77734
32782681
72509369
36792409
65482252
50824827
23224351
35727348
27363239
24512873
37351492
93148
35727348
27363239
25809260
37351492
93148
24538246
69119484
24309011
24422782
20212231
24538246
42960977
66281859
24422782
43816737
68429164
50698951
66281859
43576091
52479103
34597146
50698951
24309011
21152443
52479103
19874812
46126964
36279520
26857278
20533973
19874812
39576871
70339477
59031292
20546231
64959384
20533973
41139513
48507624
21323660
56372647
35667580
72885519
21337269
45294480
61393048
29505907
34923713
29505907
65223991
34923713
73269224
25878568
23382194
35929389
25077404
73269224
52373294
22464409
47301805
25077404
26276415
52373294
68389776
47301805
66229126
31310158
40628654
20167554
47301805
66229126
31310158
35074270
20167554
47301805
21264031
58718972
35074270
28837172
47301805
21264031
58718972
22250026
20878520
47301805
56804513
35741918
22250026
29274201
47301805
44277524
35741918
22747403
29293084
41694812
38762538
38682103
32965735
20366990
39500812
39990634
22855935
32965735
59419549
39500812
39990634
22855935
19159401
59419549
41694812
46044430
53266446
22019842
48672121
41694812
30226405
53266446
30618594
20022374
21501694
30226405
501541
30618594
20022374
21501694
45136832
32671770
45410814
70012739
21501694
45136832
32208656
68250443
70029118
34665241
19638711
32208656
39924360
70029118
34665241
58171950
29039128
39924360
53440034
34665241
58171950
46249312
34613238
50646154
38691676
46044430
46249312
66261503
50646154
43410610
25898904
26823969
66261503
21207776
41250546
25898904
26823969
26094246
21207776
41250546
46044430
24213707
34497161
31443708
38691676
20344238
460630
34681057
22635012
38691676
53200917
46740897
37427588
47165885
25029079
19827601
46740897
37427588
47165885
44594144
19827601
52865194
23115680
20833897
20539963
44257594
32031782
23115680
20833897
20539963
23738635
31449436
26094246
53440034
58615411
23738635
31449436
29262328
27727181
20303356
32232192
50791475
48621090
25125383
35080339
20344238
50791475
36931635
25125383
35080339
63683127
24134471
36931635
59462169
58615411
63683127
58512880
45139605
59462169
43552796
66223804
58512880
45139605
61673636
20104516
27363239
52865194
24950529
61673636
19149774
64990831
36393784
20981226
21037359
54867628
25929483
21639375
31117850
21037359
54867628
68699883
21639375
50999111
19036996
20303356
68699883
40871292
50999111
19036996
53790962
59609091
22991783
68522159
29535379
34303373
36453989
35232732
138243
23166774
39906311
43537069
35790529
587791
34514882
48939891
23166774
25056912
43537069
35790529
19910286
34514882
48939891
73469341
25056912
43606224
22405277
19910286
51589239
65399098
28835988
68522159
43606224
22405277
55521980
51589239
65399098
73469125
64990831
39517790
24863486
34306456
23236036
38380452
56239277
51549766
32649379
50115569
31272876
32292994
57651609
56239277
67599163
32649379
32553845
47739884
32292994
57651609
20947579
67599163
34770048
31100072
61181180
42762376
29699937
40743771
51549766
34770048
31100072
61181180
49280443
262255
20851493
51549766
233976
70100599
68159194
53763743
262255
21222839
64990831
26205039
43127928
68159194
24777351
26820836
21483550
67021531
22529608
43127928
71299570
24777351
26820836
21542029
20780685
22529608
34303373
71299570
22058902
53317980
21542029
32391804
233976
52301255
22453471
22058902
157809
40703542
32391804
57363945
23106248
22453471
25453776
157809
40703542
28402600
40251731
65933165
47529376
22117683
597939
25935242
28402600
22839310
65933165
42702871
22117683
55963358
25935242
43990766
27697043
66761892
42702871
532825
55963358
32311909
73015970
27697043
57332328
22478427
532825
36111109
30170613
68440785
29518686
32857600
47529376
23219007
36111109
54886348
68440785
29518686
72191759
47529376
27803360
21390649
54886348
43990766
30790593
55873803
72581260
22352248
21390649
20947579
31532697
20492517
31705376
72581260
22352248
59609091
32932398
31532697
20492517
21594807
24405467
40359106
69719185
22325691
47982182
41188438
69699121
51124320
40359106
24142707
19936601
19691290
24921958
35064385
51124320
29140226
24142707
21490433
58659778
44908124
35064385
50759303
39174750
22775683
41777257
58659778
44908124
21699703
50759303
39174750
22775683
48547745
39510960
31589659
21699703
24405467
31014009
442232
413139
20384382
56823
47379752
32236661
31014009
21133544
413139
20384382
35045850
47379752
19030151
35172020
51972895
22991854
30690723
35045850
52355378
20178334
56468426
51972895
34983603
24399991
46046065
52355378
21614925
56468426
69719185
22991854
58762944
24553636
74060092
21614925
39915382
19134540
19111687
51695855
24553636
74060092
71789930
39741972
21144092
32392626
51695855
37092123
26245086
22918495
39741972
25774365
32392626
20544773
37092123
26245086
22918495
20718060
25774365
19111687
66601448
38639159
35802974
22843475
20718060
19134540
39745149
66601448
38639159
25110353
22843475
20553399
70340309
19099654
30690723
38357508
25110353
20103061
22181566
70340309
19099654
39510960
50999575
50910063
513279
22181566
26727450
34057485
160128
50999575
50910063
513279
35644284
26727450
24137629
41872154
19127363
22196457
36635213
35644284
52294705
24137629
41872154
20069435
43953346
28896448
25147442
52294705
72962702
50659216
70529465
43953346
29701816
31549445
31937841
20823651
48232042
70529465
44297559
39558694
31549445
31937841
26289480
72070260
21638556
62358399
46998023
66914003
29360758
26289480
72070260
25110748
62358399
46998023
66914003
43668432
72962702
39208293
25110748
22196457
25068857
47467755
23162549
581716
34923196
35582823
41316194
34030857
47467755
46659872
581716
34923196
50020974
41316194
34030857
39066996
22137940
34471226
41002478
71450053
32743960
25068857
23487274
47559251
66541554
41002478
71450053
22196457
44783215
21009507
47559251
26114733
53819177
19106536
40648040
36757880
38315813
23572131
19944591
61299272
19106536
40648040
50671069
38315813
65389099
19944591
40669388
67010558
20025568
49298766
39915382
65389099
34471226
40669388
28661497
66431253
49298766
42012583
21517002
21323660
64974860
28661497
66431253
19965818
53900676
19868602
20465544
64974860
19808064
224955
19965818
19798046
35319673
31588136
21494872
39658984
224955
31850735
31372044
66401633
31588136
68229678
30631930
62278059
31850735
31372044
68212693
65389105
19895517
42837628
49073015
38662740
19326163
68212693
19806051
19895517
34589246
21152443
177083
19326163
57691156
21747804
40866358
39523048
37084653
42931129
25317334
35098280
26423851
44716821
47137385
37084653
48492741
25317334
35098280
19698094
44716821
35681533
47058734
48492741
35301382
26727450
19698094
21494872
21844011
31024391
20920324
23714027
68499446
10077
47575558
20004642
31024391
43567253
23714027
38363660
398566
47575558
19808064
32864810
21741006
29444636
20989697
20962399
24662333
20483602
32864810
21741006
36340674
20989697
71919334
66644623
59705266
493770
40149445
36340674
38363660
39745149
66644623
562517
51015115
21051986
59761669
30184991
28897827
19486605
562517
51015115
21051986
59911900
25774365
72680640
24471720
64904049
32496973
20940574
59911900
28442099
57039082
24471720
25967076
23959821
20940574
41189404
23162549
28897827
35364797
22916408
581285
39852120
30981213
59609091
57039082
41812439
22916408
24954704
39852120
549500
69719185
525607
41812439
42738708
35676540
66619255
19263738
65399098
51405
58433308
46590622
40381235
66619255
33341405
59609091
72820660
31269650
46590622
40381235
38823680
50900130
69719185
72680640
45601905
72060188
32496973
19928366
50900130
65399098
73469340
45601905
31952233
52301255
19928366
33341405
59609091
65409090
67873034
65911584
50529096
31467744
39724091
20764411
43230548
44701095
43169609
34886500
31467744
22079480
31533800
43230548
44701095
39213860
49252417
39235142
44543301
21106779
38887759
25052412
39213860
49252417
25297255
21697415
19648146
28039649
25052412
25158967
23646495
50592752
21697415
19113946
29182819
45764941
35949684
23646495
50592752
73469338
59609091
52372786
45764941
35949684
25749450
39235142
33341405
69719185
24682680
31628009
27355781
19942589
20281523
36889157
59609091
26851284
34831924
27355781
30465606
52286316
36889157
19113946
65409090
34831924
27355781
30465606
52286316
36889157
69719185
22005573
31628009
27355781
26691770
39235142
20553399
448372
22005573
56493682
35757549
47586903
19808499
20227573
38841069
30206248
56493682
35757549
47586903
19428626
73469343
38841069
19099654
31628009
25323429
21337089
19428626
73469343
44472302
21623482
24662333
25158967
21337089
19428626
26379711
25276169
20266650
67021531
45294480
52539816
39235142
29605083
25276169
21623482
23433212
23400257
48143141
24442788
23199982
44472302
24671130
19734204
23400257
32927506
24442788
23199982
23552941
24671130
26443974
43344286
32927506
60380837
28444617
23552941
24671130
21807011
43344286
40534817
60380837
28444617
23552941
24671130
35002421
29404237
34238784
65820275
23199982
19868602
65409090
44563333
29404237
27812924
65820275
23199982
20640052
25718805
69480630
71080921
27812924
31067021
35453953
35098280
28039649
69480630
47186422
513255
34677320
38795676
25774365
38809624
22230537
47186422
21493906
34677320
21377003
25774365
525607
22230537
37307899
28843560
36349397
40326625
36119978
525607
51478340
37307899
34999167
36349397
40326625
36119978
28039649
25162648
48411750
34999167
29318467
40120820
20989697
41926290
54539193
48411750
49131271
29318467
38249375
68499446
20465544
54539193
66162208
49131271
29318467
22181566
21144092
28910586
47674342
47269956
41306615
44783215
22181566
21144092
35570736
47084365
48607589
27901191
69934260
35211966
21260950
48547745
47716715
48607589
27901191
47084695
20603049
21260950
48547745
47716715
24462735
40397095
22449784
20603049
349795
25005620
50215708
24462735
38070744
22449784
35032807
349795
21323660
69522975
30021835
594884
73469375
27425687
26820836
71715
69522975
30021835
594884
73469375
25723661
26820836
21747804
51478340
21514778
31263540
35673145
25723661
349795
21323660
23433212
20002993
31263540
20345654
69829354
39161334
20024227
47714781
37178105
40431968
20844011
23236036
39161334
58652570
21214002
35689866
40431968
66503857
23236036
45033188
58652570
38641283
35689866
71929980
66503857
58060767
22403576
52041228
38641283
20077533
71929980
23396186
32582621
21144092
29182819
43243263
62162348
39774387
23396186
23487274
157809
34469363
50640993
62162348
20043121
20290346
29442668
30871884
34469363
50640993
41316367
20043121
18414
37538529
30871884
71609306
25539609
39990304
21540744
18414
37538529
19669324
71609306
25539609
39990304
50113636
21096189
26364835
19669324
20947579
32218743
25940956
50113636
29523943
32421640
21451895
32672912
43972231
24490885
22089660
29523943
32421640
19338315
30170613
31460369
24490885
36764696
52839369
34270960
44472302
21262532
66062476
31048491
36764696
21953336
19918741
23887566
20947579
22328024
31048491
21885774
21953336
67152638
23887566
34057485
22328024
21514778
53149262
19846473
69829354
68779253
69769708
36373658
51434493
34814995
19846473
23219007
19701911
32672912
32365123
59315982
34814995
30052542
437181
30980735
69769708
28983505
32917992
30053444
26406084
437181
30980735
71715
28983505
20335775
22514030
50871715
68669177
21911338
20181337
36373658
26647227
22514030
28411801
25421851
26727450
20465544
62009925
59315982
28639239
28411801
25421851
46659872
25166026
47714781
28407218
46245616
53681001
32305973
39576871
38809624
69353381
20275037
48602690
53681001
32305973
52333430
32952243
27951766
73099879
48602690
71380581
21219157
52333430
71715
30629305
73099879
30053444
30052542
39174750
26727450
19577112
62370612
405436
50529096
60215037
22140549
21241388
28897827
62370612
405436
23237901
60215037
19828074
22028158
56019174
50642606
25985794
23237901
47706934
21644676
22028158
31588136
106775
25985794
61311269
22688673
21644676
31300356
72820660
43212713
24950655
34716297
22688673
32751192
31300356
21557951
389437
24950655
34716297
60215037
23110168
21239848
73469341
389437
26313426
54885703
44783215
39174750
20640052
28897827
106775
32290809
54885703
47572590
25344861
19701911
72680640
64887626
54855861
46184298
59419549
25344861
19701911
21222839
19376302
23433948
71161720
59419549
45675133
29647265
72820660
20173161
23433948
54280800
19055439
60359141
70200652
73469341
20173161
57314783
54280800
22416754
60359141
35543396
60982177
19273068
70242212
22416754
28921497
19441663
60982177
24937524
69910507
22414408
28957106
35098280
28571370
36659850
24937524
51377526
32754266
24127085
35098280
28571370
36659850
34760092
51377526
32754266
28642139
19441663
20610274
34680793
34760092
35779245
35859590
28642139
23577123
35570736
59230217
46779816
35779245
35859590
35161109
23577123
34469363
59230217
20526112
25356880
31273054
35161109
22023083
30206248
45784714
20526112
45455308
31273054
28921497
23577123
37332312
34630427
45455308
49411303
63575268
30925617
38674198
34630427
30927255
59630001
21002477
30925617
38674198
57314783
32868782
59630001
53286772
21366420
19861810
45784714
19245322
243427
53960205
19476790
22230542
20947579
106775
19245322
51730759
53960205
20451431
36355412
24682680
69353381
50621418
51730759
30383687
31964169
20441329
20024227
21519758
43654958
22779372
39399242
66914003
21931537
32680176
51082295
43654958
25974339
39399242
66914003
446965
31789785
51082295
20480684
50691425
21484204
50844941
19146984
24682680
19874371
34037889
50691425
21484204
30981976
19146984
48547745
19874371
34037889
41782132
21398691
29385256
21931537
31588136
50851866
51108140
40469879
29492205
29385256
21931537
37475736
38766730
51108140
38325870
28920611
37830939
30925617
31804754
68964061
27981234
36808112
31827654
37830939
31687588
21542029
68964061
67060890
41782132
31827654
42133373
29647265
20112175
70312007
59000096
19369326
30383687
38662305
28450815
22991854
48972126
32739730
21275582
131576
19306469
19660288
43230548
59690453
32739730
24069907
38704191
22181566
69719185
43230548
59690453
26846109
224955
30454958
22181566
28450815
20181337
70312007
26846109
224955
29314230
21804832
28450815
52041228
47799818
64987466
21652032
29314230
41849244
62372968
20465544
47799818
64987466
59196091
47063835
50673740
20082683
66541554
70312007
58475187
59196091
22237362
50673740
26820836
20465544
53800434
25001466
29453487
22237362
50798830
23789807
71609306
45272462
25001466
29453487
21274145
68923110
23789807
21454581
45272462
52765705
24047984
21274145
68923110
22079401
66541554
63414659
47073776
22573658
140213
20037104
22079401
465551
63414659
47073776
67141998
140213
39724091
53317980
28910586
50666366
37164001
67141998
20341688
34713049
20579425
29182819
67880606
30594261
50706707
35563782
34713049
47559251
24137629
51397903
19712053
20113927
32430699
32178528
19134540
65389105
51397903
19712053
20113927
43671100
19201693
59609091
71715
38996867
26644285
46096607
19812352
621
47559251
52372786
28689331
26644285
34172164
30412094
621
69719185
28910586
20039816
50412177
34172164
31471974
43821064
20579425
35570736
35359640
59813667
32899852
31471974
43821064
23643280
35570736
35359640
59813667
65092706
35091295
26849061
20984584
34471226
38996867
25251248
65092706
35091295
48055762
23965783
34471226
20134517
25251248
25551086
39177452
48055762
36111109
30170613
21456691
35783474
72683223
20318381
26849061
46659872
26114733
21456691
35783474
72683223
20318381
56901374
40835255
29182819
21456691
59432585
35415797
20341688
24236539
52559520
25166026
48322985
27711779
36102143
38159648
67209107
68499446
31789785
41209382
40274852
36102143
38159648
28803903
68499446
25166026
24480595
40274852
25551086
39264223
66914003
20640052
26190939
54977624
59432585
19369326
39264223
35262936
46659872
24137629
40792349
34622845
39689084
71242697
35262936
36119978
19698094
40792349
34622845
39689084
71242697
20997350
23789807
21124626
66702934
54509859
25085098
43426696
25807595
28442099
40703542
48081315
37267434
64091147
135418
20945472
28442099
52041228
63462333
37267434
22850552
34278441
20945472
30184991
73469341
25550800
42740442
22850552
34278441
47668590
43117725
32952243
67130413
48335985
39910831
36110829
34203780
23519789
20962399
67130413
48335985
50925159
38013717
34203780
38841069
20962399
59221891
20320701
50925159
64790060
22845342
36400685
22991854
59221891
34005288
30014792
64790060
22845342
36400685
43230548
24232705
34005288
30014792
36110829
74359104
47559251
43230548
24232705
52396417
49193458
25921465
29442668
36400685
21193032
32793569
47589014
49193458
43621068
28414368
24560785
69892366
31535222
48981346
53967520
43621068
34915335
24560785
52372786
28407930
48981346
53967520
19875787
53286772
65875
28910586
64992177
59003060
36731707
19875787
23132551
68789199
34983603
57621441
26651013
60178503
20131805
23955826
65875
38887759
57621441
24510794
67113354
20131805
23955826
48939891
28571370
254379
24510794
67113354
56972825
28414368
39172527
20610274
20415621
23977168
42734246
56972825
20425560
36119978
38887759
20415621
23977168
34390223
21950725
29613209
23519789
35570736
52029078
22694218
25080161
21950725
32596803
36400685
26190939
38306285
22694218
25080161
73469337
32596803
68499446
39745149
23480663
22254301
36731707
73469337
20425560
28903785
22991854
23480663
22254301
36081180
56972825
20747242
25365869
34983603
52029078
39522024
24609066
22434176
21952022
25365869
24494578
28373792
70279215
71239652
22434176
21952022
31602758
37542769
28373792
70279215
21842203
22434176
32744770
52333430
21542029
28373792
44097896
21842203
44783215
24436506
30184991
31789785
48322985
44097896
35076587
28891989
70349585
28903785
31804754
69353381
24711273
51392491
21396298
73529695
28450815
22991854
44614401
25242039
37755370
60349247
29382332
28450815
21542029
58809853
25242039
37755370
60349247
29382332
448372
20112175
58809853
20074187
35076587
44783215
21826956
46390125
71715
41734473
19168888
48460183
44783215
28782226
28049961
19806051
44253396
51152649
50559749
71271334
28782226
21585367
19698094
41210096
21341045
36839755
19928366
22958846
21706564
19806051
41210096
21341045
22528221
19928366
22958846
21706564
28039649
44614401
45540261
57454892
37486268
37032851
21585367
40703542
52456331
51719184
64728027
37486268
39617136
21239848
71609306
52456331
40787401
64728027
46252560
40327408
23897083
34469363
31588762
64915155
61495296
46252560
61145026
23897083
40703542
31588762
57569886
61495296
31741583
61145026
21366420
71609306
56841527
57569886
30963297
42803407
22506096
46659872
21454581
49939100
22087381
19505340
39248778
22506096
34133797
71609306
49939100
27413240
35314900
39248778
37032851
22724185
21454581
21568892
52335743
39200252
50996351
43083724
35452022
26114733
21568892
52335743
39200252
48091982
24478089
35452022
20266650
49939100
47770857
30963297
48091982
24478089
36400685
31281326
49282761
47770857
36730216
21925398
27803360
22230542
29182819
49282761
31591567
23850308
21925398
20462659
22230542
21323660
20316461
61888496
30349708
45148068
20462659
39060780
40984753
39927242
19895400
30349708
45148068
28957790
38772045
73469340
50551925
19895400
30963297
34569506
28957790
19787999
20823651
50395636
40062812
29562733
57029145
61366972
38772045
20266650
50395636
21716694
23989088
50439809
37907234
35098280
23765764
66513088
21716694
23989088
50439809
40311275
43652327
23765764
66513088
36653621
29562733
332391
23683461
39172527
21623482
67203937
45513973
48460183
39588351
23683461
22141445
43230548
38252952
59530255
34037965
39831092
17339
31533800
52372786
38252952
51808625
34037965
39831092
17339
30925617
24934464
24176716
51808625
19941804
34569506
24436506
39060780
21623482
24176716
25199730
19941804
21851120
21121143
31533800
20947579
48054172
25199730
42244083
47972013
21121143
19660288
39745149
48054172
20544275
42244083
19847516
21121143
19660288
390600
43588407
20544275
21399950
26132994
22523453
45033188
19951390
25354541
58941507
64939170
26132994
22523453
48939891
19861810
50648074
49999988
64939170
26132994
22523453
23162732
31789785
50648074
49999988
34037965
40519412
48964393
65389101
72820660
43588407
36653621
46049228
40519412
53134343
65389101
24671130
52792485
44043298
22384520
30440582
53134343
23162549
20962399
52529188
20360019
43494758
30440582
46429843
23162549
20962399
29761091
20574436
43494758
11815
46429843
23552941
24671130
29761091
20574436
19688883
70359711
43410323
67580799
390600
52792485
60500822
19688883
70359711
36523987
67580799
22991854
55374820
27262597
19688883
48714906
37231085
48939891
19350459
27414809
31933801
60156657
31681751
37231085
53317980
21747804
27414809
25812394
38813499
31681751
55629820
37532228
34471226
70339623
25812394
26255651
37765993
71299570
22282221
34471226
57531265
62162348
26255651
33439962
20350869
22282221
21747804
45819583
29644065
45860160
33439962
20350869
38318616
21483550
45819583
50400296
34746582
29753227
21645177
23519789
21747804
214635
50400296
34746582
35771273
26234406
30980735
21747804
38917190
50275918
36641192
21825326
26234406
43117725
21323660
33319822
60189478
35890079
31228961
36523987
30980735
40703542
33319822
60189478
59131108
31228961
24436506
53317980
26114733
30395620
32982585
44289607
35872377
21501694
30216763
21323660
36279735
65541009
44289607
35872377
21501694
19134540
19111687
20557214
39206790
54797914
37765993
43576755
39172527
28571370
20557214
39206790
54797914
25295763
43576755
19113946
40703542
32498294
60500822
34030161
26090553
34232247
30216763
26190939
26113348
30383667
34030161
26090553
34232247
19134540
26114733
61725808
24282610
24951716
40370288
19149774
39172527
21323660
20293753
37359268
38743181
40370288
25048492
19228453
52372786
20293753
37359268
36751862
45728049
45634026
19228453
64962497
43166820
49216184
36751862
28756031
45634026
19228453
52372786
48174397
50979876
30689415
28756031
19149774
22023083
34469363
48174397
50979876
53200625
68159194
27703571
39576871
34469363
26113348
40660050
53200625
28757729
66914003
31300356
40703542
48541982
48502997
604007
35346476
23110168
35452022
54886348
45842527
48502997
604007
24473803
23110168
597939
54886348
37432487
356815
51420592
39533778
30980735
597939
31804754
37432487
30752661
51420592
38792893
55629820
45200856
21747804
59306533
30752661
20607542
26657704
66914003
22023083
31804754
59306533
356815
26047780
68693084
25187143
20415911
21222839
56507832
356815
70192856
52772970
26183864
70200652
34983603
56507832
67950034
70192856
52772970
26183864
19368816
74673
25301651
49014494
21664318
35314032
30266347
20441329
32672912
50941844
45650257
67619125
50950854
20156016
68499446
34983603
50941844
45650257
67619125
37829373
34022147
23965783
65389105
69109128
41314514
60879944
37829373
34022147
23965783
72680640
43439643
41314514
68871212
47162866
25733399
20739331
28897827
43920963
48071962
47087410
47162866
22149758
20739331
66823798
43920963
31725262
47087410
26103699
22149758
20739331
37542769
32541972
31725262
24338400
26103699
65432643
41745551
31588136
68571278
68329574
550519
47210000
65432643
36119978
34471226
68571278
61562346
41185294
47210000
36981463
46659872
34471226
60743652
31226478
41185294
27253842
21910325
21588712
20112175
60743652
230528
72592888
27253842
29613209
21588712
72820660
65533989
230528
72592888
25357873
29613209
29533033
73469341
65533989
29234869
214232
25357873
29049825
29533033
73469340
66799617
44281525
214232
29228409
27334397
38841069
73469341
66799617
60844010
60156657
29228409
49275155
38841069
73469340
66513292
60844010
48460183
42081500
49275155
36119978
72820660
66513292
29743315
48460183
42081500
41779533
20692729
57039082
65781394
46642859
47085935
34581332
67199861
20692729
34983603
25111412
47371468
30662513
34581332
48436834
20692729
38809624
59203056
47371468
30662513
23413506
48436834
66401633
43230548
59203056
29234869
62682690
29568116
47101010
21451895
20181337
57434541
64903286
62682690
29568116
45722181
20415911
68159208
72421930
26040505
20289260
32954981
20174402
19228453
20026969
72421930
26040505
20289260
32954981
29404480
448372
26851284
65781394
29234869
50564022
43413604
29404480
43117725
38809624
26113348
47456665
50564022
21214742
25724469
19228453
465551
43166820
52010572
35512579
41183601
38722776
57651609
37542769
25808855
24494348
32953377
20750734
38722776
36400685
57039082
25808855
39301019
20078777
20750734
22993033
19286710
66823798
66423509
39301019
20078777
34132522
21247186
19286710
24682680
66423509
58240621
37810772
34132522
43453163
25880450
40703542
66769779
46553325
37810772
23927463
43453163
23789807
21747804
66769779
46553325
70340094
25742747
24634937
157809
34469363
38911205
41159926
70340094
37306791
39957695
157809
32311909
44304843
41159926
23911680
21272744
20143580
46640264
20266650
25984608
31164341
25420763
49288371
23955826
24907087
34469363
68261061
19357766
24877399
49288371
19268190
65875
21323660
53680914
19357766
38364068
38045718
26379711
19113946
64962497
34606143
35662052
21503282
38045718
39957695
45200856
21222839
53680914
19780606
21503282
28757729
19846821
45200856
41926290
65759567
367990
604007
24989418
21624928
30216763
73469125
65759567
64180888
22238505
35768838
21624928
19134540
398566
27191743
71260127
67229951
35768838
24777351
19984811
20962399
27191743
47872319
35020425
53162774
23110168
39161334
20962399
34853365
50439778
35020425
27727181
41139513
39161334
66541554
29528772
50439778
42899539
27727181
28803903
64968213
54886348
29528772
43472679
45340905
66181809
20945472
27409706
32952243
65051704
43472679
45340905
23526168
22033467
27409706
21454581
65051704
58240621
61951712
64709123
35262936
22023083
21222839
25851051
71090984
51111335
64709123
25421851
21390649
30170613
55978212
71090984
34950776
23137822
23293091
22074992
54886348
55978212
58240621
23092825
27841587
19162641
22074992
54886348
22490186
22278398
37163367
27841587
19162641
21390649
71609306
69750217
44814509
37163367
39260927
22269217
34734711
34471226
22138663
44814509
35383895
30064058
66113195
597939
34471226
22138663
39639472
35383895
29543470
66113195
34734711
398566
25249281
68591937
38364068
30610280
30406966
51972895
20962399
25249281
68591937
48460183
32365151
21131480
46429843
71609306
72182419
58370026
31984817
35048443
21131480
46429843
20962399
25939608
50788753
31984817
35048443
29562768
35410735
64962497
37979618
50788753
32412738
22416752
68669177
21517002
64962497
37979618
34493790
32412738
19897810
56901374
23897083
40703542
20575326
53829210
48460183
19897810
29562768
52333430
21222839
20575326
20695078
60700134
23962510
28452508
448372
22991854
72182419
39047842
62317286
22348719
34390171
36400685
21542029
26113348
33450033
62317286
22348719
22993033
36400685
24137629
46057718
33450033
62317286
37798481
19149774
26820836
52372786
34129692
45473494
45568465
44833395
19149774
73169865
19350459
34129692
45473494
45568465
44833395
19149774
21955448
19350459
25284548
26420870
24120123
62081523
47467755
52333430
21542029
25284548
36334714
31736189
20021117
47467755
23623012
31789785
35830217
36334714
277921
20076076
34203780
23623012
24494578
42782312
35504213
277921
20076076
34411222
39172527
28910586
42782312
35504213
38289807
29741410
34411222
36990297
28910586
50578990
22931138
38289807
51587621
51599588
57651609
28910586
50578990
22931138
38289807
51587621
19386787
20579425
19951390
50578990
20695078
23364360
52531215
32506961
32299846
21323660
26113348
28980027
51095731
52531215
23229800
19134540
19111687
48411672
30100676
32845781
64954017
23229800
19134540
390600
48411672
30100676
19504544
30944362
23283616
54932626
22991854
64821452
46413610
19504544
43522565
23283616
54932626
272354
23691905
20180162
43654465
43522565
46167252
31533800
22612047
22352168
20180162
57350448
62081523
24962365
68499446
28454165
22352168
53362805
38888592
62081523
24962365
39957695
21747804
52030468
56336243
42857897
26846098
68401488
20598400
64962497
38834618
25522300
42857897
29548547
68401488
39957695
21222839
24136632
25522300
26653085
24476179
19763506
19868602
26851284
52433380
59011739
38756787
70120390
47131580
39172527
272354
64962049
62201875
39054353
70120390
26563828
19967304
272354
64962049
47893964
39054353
20490700
51151205
73169865
465551
55419616
47893964
39054353
32190931
51151205
22141445
26114733
55419616
21883014
20212063
23765333
48216497
36400685
22991854
64590720
38306012
19820589
23765333
35371878
36400685
20112175
60642268
31494358
19820589
30279790
35371878
69719185
32672912
19653098
31494358
50236023
25187011
42005870
69719185
59884386
52549645
34090475
45582132
22053813
42005870
22117683
21193669
52549645
34090475
46769211
22053813
21644676
22117683
37542769
64590720
28972944
46769211
19737013
21644676
22117683
47153114
59848044
28971404
19273497
19737013
30266347
66401633
47153114
37842838
28971404
50236023
26846098
20552927
18998843
28039649
19076915
32186651
32845781
20420483
20552927
71250315
28609701
19076915
19768937
32845781
20420483
37827053
32191484
20112175
5251
19768937
22861337
51070603
22738595
68499446
26114733
60250039
32866057
47290911
64722862
23714027
22117683
43230548
60250039
41785436
47290911
39493934
23714027
19228453
72820660
59848044
41785436
27852725
39493934
30144275
22074992
57039082
34622546
19658433
27852725
27777098
28883090
22074992
43230548
34622546
19658433
26104053
27777098
28883090
19228453
36447212
36999816
34369856
31794457
20446326
28803903
36119978
71609306
47134566
34369856
24332064
20446326
36981463
36119978
413139
57347691
52437823
23009594
25734859
37931849
61109246
29182819
57347691
22135251
23009594
31467744
43257123
23897083
26289480
35880689
22135251
72749364
31467744
30743640
45200856
581716
35880689
66479238
30256927
41712234
30743640
45200856
70339477
20764390
50834925
30256927
41712234
19225003
36119978
21490433
22725025
31564359
52316616
34339726
41885666
38841069
21222839
53393751
31564359
41215503
21398691
46034868
20441329
34469363
53393751
44009914
41215503
55891059
8430
37832463
398566
49531288
44009914
36367161
34089547
28530150
37832463
32672912
65763515
44333539
37494456
34089547
28530150
44664326
34469363
65763515
41750984
37494456
24195099
50798830
44664326
21222839
48390304
41750984
19463198
53669133
50798830
22033467
21454581
48390304
55316540
55452692
23193949
26379711
30216763
56239277
20764390
55316540
21598687
23193949
23110168
36990297
56239277
35454520
55316540
21598687
59630001
23110168
20971952
20962399
48411672
21883014
40544675
25020276
27202606
38841069
30170613
21489606
22639779
40544675
26132994
27202606
19386787
30170613
21489606
36461206
22297883
26132994
34169491
19386787
39745149
60957360
36461206
22297883
49940305
37340877
20694079
413139
35660105
24153355
34295768
30420708
37340877
43117725
34469363
50403242
24153355
34295768
30420708
19828074
25365869
25935242
50403242
58249279
37546165
32210943
36450379
25365869
71919334
48423825
58249279
37546165
59268622
36450379
597939
59884386
42142547
33279260
23363456
23209781
22348455
25365869
37253450
57316567
33279260
23363456
36837456
30903638
22117683
26114733
65813467
35711921
31188855
36837456
23433725
22117683
25935242
65813467
47554305
31188855
21019008
23433725
67580799
19199530
43473869
47554305
20091492
38751096
29600389
61109246
70339477
43473869
39101375
20091492
53130667
25097251
21133544
38887759
48423825
39101375
73093012
25759528
37154378
57539163
21193669
106775
40564696
53756984
22360649
37154378
57539163
37542769
52265266
39538261
26073303
22360649
37154378
19967304
47153114
72681039
56895858
19778034
401169
73120157
442232
65409090
71369346
56895858
71342252
401169
20132258
442232
32932398
33209
20702970
71342252
38439983
69709226
65389099
47153114
33209
48690343
71342252
37310973
69709226
24332462
28609701
90755
48690343
68065
37310973
20132258
23047261
25935242
90755
73013717
20088262
34162190
21501694
22117683
39745149
25143629
73013717
20088262
34162190
21501694
19228453
20112175
28430712
61665671
34532946
44814841
532825
66401633
68159208
28430712
22010180
32502179
45236570
22805394
138243
20533841
25491109
44155285
45760697
32617738
22805394
66401633
66823798
25491109
37172983
45760697
44814841
58667579
22074992
19806051
25143629
37172983
25490871
20746708
47590818
22074992
31588136
52265266
59073
25463649
24019704
47590818
22074992
20112175
34781994
59073
23885355
59419549
47045230
46390125
21903966
65149759
20305285
23885355
59419549
21358876
448372
37481045
69559738
47270755
36386914
43938599
21358876
448372
74673
69559738
47270755
22791828
38019412
25442468
29600612
32932398
28444352
22250004
22791828
21520861
25442468
52333430
21222839
43166820
29760259
22394852
44370987
243429
296678
25166026
40522309
29760259
34929665
44370987
38911162
23110168
30255016
40522309
19110993
27461857
19875787
38911162
23623012
47153114
22088409
19110993
27461857
19875787
32744770
23623012
25243945
40440329
29364328
40755727
24019704
32744770
52333430
413139
19422562
29364328
26682871
21851120
19766243
44664326
47153114
19422562
29536401
26682871
21946895
19766243
39576871
22991854
22088409
73013717
37787029
42050752
22738595
39576871
19350459
34781994
33022399
60784774
42050752
22738595
51972895
30206248
40659826
45094174
60784774
31203101
51599588
20441329
398566
40659826
50042118
22054549
47270026
51599588
23552941
34983603
44838440
50042118
22054549
21123983
58667579
48939891
24671130
44838440
73013717
25003381
21123983
22415394
47371195
398566
30521607
51653474
43265014
26833998
26132093
47371195
25935242
30521607
35493618
43265014
70071104
19925289
47371195
30206248
58430889
41829405
53745647
70071104
43052125
39576871
19951390
47728308
48994431
25101836
63449235
50798830
39576871
19350459
47728308
19949586
25101836
63449235
31202070
52333430
19951390
37054134
41772433
40717069
41183601
31202070
20045790
32392626
62266078
37260462
40717069
41183601
32003459
68212693
19350459
62266078
31922698
43112145
21698651
32003459
448372
22325691
58430889
22432160
22395254
38845406
532825
19470447
26114733
34781994
225611
36552680
25315010
31520175
37481045
25243945
59709439
55465175
36552680
20273101
31520175
71250315
22991854
55999025
55465175
45760697
20273101
36450379
71250315
21323660
47446826
47057845
51095731
31203101
23588150
22023083
19111687
71279894
47057845
47544614
19440554
38231808
22023083
19111687
63980371
24496917
24519901
28705556
27931712
22246967
28835988
63980371
24496917
24519901
28705556
27931712
36990297
32311909
40540684
24496917
70052701
41943506
20300322
36990297
70339477
40540684
20164710
30045526
34686587
20300322
45200856
581716
61637208
31196030
40749831
21528406
23690231
24777351
581716
37268677
31196030
40749831
21528406
23690231
24777351
37253450
40899743
20879738
70052701
41943506
23588150
24760331
21222839
40899743
43491027
24651391
29800815
21893827
24760331
34469363
50413537
43491027
27220786
29800815
35060902
24760331
32311909
50413537
38260468
23514061
36631067
35060902
24760331
398566
51374121
27343207
58738179
36631067
21004990
20611031
70339477
45442833
64732800
58738179
29482513
24192616
39957695
37253450
45442833
64732800
32432627
29482513
24192616
41272183
34469363
67000509
58530503
69070874
36420337
19296564
41272183
28835988
63480089
35800501
47685377
36420337
19296564
36119978
73469125
47641500
39820046
47685377
37347021
22181566
36119978
581716
43563866
44894117
30453891
21131596
22181566
25365869
25935242
29550
44894117
30453891
21131596
21004990
38318616
73469125
29550
22432160
32432627
22860910
23992411
53317980
30206248
67000509
23511318
19342150
22860910
23992411
44431752
32311909
65104423
23511318
24083230
40687991
23934585
39957695
581716
31951511
48686695
24083230
40687991
48979181
53317980
20266650
39722585
48686695
40410666
22809666
48979181
19111687
34812485
63468945
70082071
327967
60951803
60191732
448372
581716
63468945
28581749
50413942
60951803
39915382
20441329
73469125
39084192
23460815
50413942
23048653
39915382
37827053
30206248
59081988
23460815
24615872
20833897
25780562
22246967
40703542
59081988
20287124
24615872
20833897
25780562
448372
22325691
41295192
20287124
22791828
22446749
58342090
47371195
68469260
22491074
39553210
22791828
25125824
49296130
22523843
23557909
22491074
34792468
64743737
25125824
26406573
22523843
20947579
23210075
69563335
64743737
41216897
26406573
22523843
23210075
69563335
44289607
41216897
26877354
22523843
64720612
47844908
32845781
19838154
26877354
30216763
37329640
47844908
39689084
19838154
26184155
24142707
37329640
23511318
35410825
19975245
35161109
22028158
25046605
147988
22094897
49429660
19828074
29533033
73469341
25046605
31204736
37476549
49429660
19828074
22028158
59884386
35720180
19835414
31108252
401169
50759139
23552941
43230548
35720180
68830199
31108252
73459347
71299570
21517002
43230548
52450336
68830199
27354363
73459347
24761568
48939891
73469340
67649369
67145511
37294859
24423377
45669282
68212693
20823651
67649369
67145511
48531455
24096820
28782226
68212693
24494578
38046676
32925797
48531455
40671891
45733051
23047261
21542029
38046676
27219607
47772366
21176884
45799542
22028158
20823651
45157666
27219607
47772366
21176884
45799542
24142707
22005573
52872702
20913992
22195094
20282150
19882547
448372
73469340
26114338
20913992
22195094
23299487
53286772
20227573
24494578
51555097
32261906
19029615
23299487
53286772
20227573
21542029
38999076
32261906
19029615
20282150
24761568
28426754
72962702
65841392
23511318
36831700
39499994
25728903
20019356
21222839
32497609
24128804
25896805
30322210
23020428
20019356
21222839
32497609
25816811
25513751
30322210
23020428
28426754
21222839
45157666
25816811
56432247
19515314
27211338
43668432
28609701
65104423
70209572
56432247
19515314
27211338
65389101
40743771
59709439
53348233
52670532
24128830
26522373
41272183
40743771
42190785
26280828
52670532
24128830
26184155
59609091
28609701
66270002
26280828
36831700
20107762
24802051
22465516
66823798
66270002
316534
395254
317087
35271906
38911162
32392626
38219201
44564652
43499444
47575714
19296564
24777351
32392626
38219201
45717404
43499444
47575714
24802051
22465516
32392626
70652718
45717404
43134615
20107762
32633729
57539163
67580799
20120513
24981002
36831700
22949636
51014965
19134540
71919334
50791368
34421009
161465
22949636
24274831
22399915
22399915
35613563
20851493
65389105
