45294480
41868500
31706734
46122278
41868500
56470785
22316337
43154205
44635316
41673296
43154205
44635316
44168287
44271934
27649581
44168287
40350092
22942855
31393597
47052073
40350092
44104086
31393597
38777475
57529380
44104086
47593037
38777475
27465311
52839369
20112249
47593037
24114272
25368511
20412911
20112249
46612329
24114272
23853113
31381959
20112249
66965687
20581193
23853113
31381959
20112249
50984215
29364167
31052399
20173036
20112249
50984215
29364167
31052399
237627
30608167
30438665
29364167
22364349
237627
29703687
73136919
62318231
22364349
35301382
27629778
35319673
40661961
30567673
62318231
39571954
35301382
27629778
35319673
40661961
24168416
64978305
20234508
35301382
54441845
48535716
21222839
24168416
64978305
20234508
25188498
20603462
68469260
21222839
42099447
48706572
21039012
25747489
20603462
68469260
40661961
48143967
48706572
30553168
25747489
35503875
48535716
40661961
65610309
48706572
24215789
50106051
26424668
25279066
34471226
65610309
49629222
24215789
23149544
60112825
25279066
34471226
42099447
49629222
73169986
34089547
60112825
25279066
66541554
24460809
37443856
25086728
34089547
39067214
38857618
27794083
23800339
38054135
36728608
36349397
26727450
22612047
19936601
50876433
38054135
36728608
50967404
26727450
22246967
19936601
50876433
68181773
50009482
50967404
26727450
28835988
35570736
24460809
59317406
41763598
71380581
21644676
28835988
20868998
48506569
59317406
41763598
71380581
21644676
28835988
20868998
52817747
67190443
41868500
20173036
35503875
28835988
31509530
26484214
70323311
28811914
49280443
24777351
53630931
31509530
26484214
53417291
28811914
49280443
24777351
157809
35098280
61842207
53417291
24263552
72219088
19491037
157809
70199703
27741969
129561
233806
72219088
51796562
36990297
71715
27741969
129561
29544148
59902309
57651609
36990297
71715
61842207
28847169
29544148
57345931
57651609
19259932
25880450
64762457
28847169
22585349
20327377
19509041
30582336
40661961
40677335
29743202
55004912
22838304
42839293
25365869
38887759
50897647
29743202
38671955
22838304
42839293
25365869
20962399
30876265
20743170
20057541
22838304
45200856
19111687
20962399
30876265
21256989
52580959
72820660
21752602
59609091
19160282
72820660
21752602
59609091
31753007
57029156
71289112
30085971
31753007
73469125
71289112
32583495
47836799
581716
31291239
32292994
7250
25243945
31291239
32292994
7250
36111109
38277584
32751192
23855467
36111109
38277584
32751192
23855467
22991783
68401488
50759139
57691156
28897827
68401488
47034971
51405
20947579
35421657
68159194
26522373
38291484
20947579
31095366
26305073
68353029
50394919
38291484
54886348
65640002
40919489
40593430
23765333
50394919
28725693
54886348
31825080
70589455
40593430
23765333
19923329
22130300
37876161
31825080
39013568
47543044
20498283
19923329
59859262
20465544
35714616
47796769
47543044
20498283
26727450
27291302
21454581
35714616
47796769
59633390
74389089
26727450
27291302
38809624
68570367
20045421
23948224
74389089
21133544
34469363
26190939
68570367
31265791
37517032
73459351
20220845
21693158
66823798
48548427
31265791
60083942
73459351
32292994
19944591
66823798
28760061
25718805
34925733
66401633
74673
30871780
2648
20971952
74673
19936601
72219088
19433417
31937841
19936601
22066243
60723698
31937841
50999152
23992870
22066243
60723698
31937841
25243945
19794805
68401488
45631256
26366151
25243945
25301651
19605859
23775846
68401488
45631256
26366151
25166026
25301651
45602715
43649859
39655800
61109246
50529339
34057485
70339202
46205690
30878098
39655800
20764411
50529339
413139
41331550
46205690
30878098
49940305
43340903
41777257
36111109
19259547
32900464
