2091992327
2092009751
2091917691
2091925448
2091911232
2090955784
2090930839
2089969379
2089988539
2089977766
2089986659
2089965226
2088978153
2088996738
2088994229
2088982449
2088980001
2088927304
2088904276
2088920453
2088026507
2088032347
2087946822
2087942059
2087666359
2086149790
2091765084
2091617560
2091614582
2091538935
2091535166
2091542177
2091317755
2091305076
2091321495
2091118483
2091114821
2091121169
2090636190
2090631462
2090587612
2089738757
2089532187
2089297725
2089304405
2088901172
2088823959
2088698704
2088670382
2088626910
2088022434
2087809659
2087813229
2087719691
2087266958
2087271987
2087067117
2087072514
2086978676
2086892589
2086835898
2086820675
2086745999
2086678615
2086652947
2086670993
2086068892
2086044841
2086060273
2086005127
2085917992
2085913525
2085035450
2084979242
2092012512
2091854790
2091010175
2090935998
2090886144
2090798676
2089975987
2089984484
2089981695
2089909457
2089886906
2089901604
2089730196
2089655410
2089662243
2091927750
2091912959
2091854865
2091831872
2090938795
2090953916
2090939991
2090797661
2088609994
2088308745
2088116181
2088092415
2088034230
2087969430
2087965492
2087796041
2087801317
2087654008
2087651485
2087567978
2086057976
2092004210
2092000934
2091936989
2090776278
2090792109
2090630121
2090486636
2090472551
2090418240
2090052931
2090051887
2090071043
2090060313
2089893967
2089890823
2089815524
2089164777
2089153021
2089161031
2089085052
2089063585
2089071269
2088923553
2088848712
2088832646
2088529782
2088287697
2088294442
2088293045
2088302068
2088022099
2087959028
2087944344
2087568695
2087576596
2087573679
2087562725
2087252910
2086663790
2086652327
2086588378
2086450739
2086156523
2086143338
2086058314
2085910539
2085822609
2085482440
2085501392
2085500019
2085367219
2085376190
2092004823
2092003805
2091992477
2091990376
2091913500
2091930038
2091845349
2091773311
2091688544
2091695500
2091037219
2091036194
2091034196
2091021919
2090948456
2090945319
2090951026
2090796637
2090769862
2090714439
2090629705
2089965688
2089973686
2089899087
2089885158
2089824440
2089810188
2089734407
2089302181
2089159166
2088981870
2088927878
2088847616
2088842945
2088772022
2088685580
2088691284
2088019001
2088022338
2087946961
2091849361
2091835865
2089287905
2089284967
2089291844
2089149086
2089165435
2088917245
2088923961
2088832997
2088760699
2088695994
2088671238
2088552135
2087860541
2087576349
2086904645
2086829090
2086825327
2086761611
2086669574
2086666931
2086457788
2086454650
2086065330
2086051033
2085997455
2086001921
2091993474
2091938393
2091926213
2091833377
2091038947
2091018297
2091027287
2091015934
2088987802
2088976653
2088118067
2088097048
2088105588
2088102088
2092014157
2092003132
2092002056
2091929609
2091917016
2089882772
2089817670
2089822181
2089746103
2088993930
2088991510
2088909323
2088914402
2088106084
2088093814
2088089953
2088025903
2088031494
2087957134
2087871221
2087811756
2087717900
2087733203
2087503732
2087491993
2087259562
2087266838
2087252012
2086980239
2086914532
2086829514
2086814951
2086831791
2086766533
2086753744
2092014849
2092002751
2092000918
2088622711
2088539283
2087807696
2087735423
2087712472
2087667571
2087272893
2087058641
2090052973
2090051969
2089526632
2089532997
2089297178
2089304324
2089302050
2089158083
2089144401
2089162053
2089084351
2089063197
2089081861
2089060859
2088306656
2088294847
2088283320
2088292499
2088281802
2087878653
2087873093
2087797114
2087802125
2087717943
2087715002
2087730248
2087644876
2087642174
2087579562
2087583798
2087562464
2087571553
2086916643
2086891413
2086742379
2086668865
2086677119
2086664920
2086662931
2086651526
2086659905
2086588322
2086567571
2086566893
2086586282
2086585819
2086585158
2086574367
2086573173
2085488534
2085486556
2085493147
2085482034
2085490697
2085379514
2085304909
2085291433
2085254115
2085149171
2085164267
2085046501
2085020912
2091994049
2088841352
2088766331
2087863293
2087278427
2086996803
2086992636
2086912036
2086585781
2086575148
2086564283
2085373699
2085372999
2085361460
2085299197
2085316214
2085313845
2085310597
2091995045
2092004333
2091534390
2091319652
2091325401
2091322119
2091108614
2091018128
2091035820
2091014497
2091011641
2090948584
2090944650
2090930504
2090886329
2090788799
2090783545
2090718094
2090723794
2090649377
2090646299
2090071335
2090060143
2089976694
2089985069
2089963361
2089980142
2089906546
2089890169
2089804431
2089748409
2089732227
2089665679
2089652330
2089544543
2089520199
2089305384
2089060808
2089080161
2088999663
2088998738
2088988114
2088976799
2088975406
2088973846
2088919604
2088925444
2088901791
2088825661
2088779323
2088754846
2088771175
2088697439
2088692438
2088618084
2088625160
2088601727
2088107943
2088097016
2088115549
2088093674
2088090645
2088038711
2088023813
2088010319
2087956008
2087962285
2087866211
2087881531
2087796877
2087802493
2087737121
2087710129
2087563032
2087570474
2087499683
2087508816
2087488110
2087487333
2087496717
2087505516
2087504076
2087501895
2087279202
2087274800
2087270790
2087072872
2085508724
2085485722
2091910849
2091846437
2090881145
2090796783
2089904055
2089890900
2089827612
2089804029
2088906579
2088913284
2088920218
2088101896
2088029106
2088015310
2088021096
2087947915
2087964380
2087878434
2087805850
2087791965
2087724777
2087711701
2087654308
2087661553
2087588523
2087576589
2087259090
2087276146
2087250290
2087053522
2086997408
2086817771
2086814391
2086769428
2086765850
2086743500
2086761108
2086678895
2086445222
2086441898
2086158801
2085292349
2092004837
2092001908
2091919375
2091935967
2091923470
2091838365
2091854148
2091769436
2091766613
2091751541
2091687715
2091694154
2091618461
2091099771
2091039019
2091028208
2091016729
2091035099
2091030295
2090947037
2090952877
2090876552
2090860096
2090796229
2090779889
2090052801
2090483125
2090427856
2089971673
2089889158
2089896621
2089890287
2089825464
2089747830
2089743393
2089668430
2089653815
2088828410
2088117175
2088106180
2088104608
2088112797
2088017101
2087872373
2087806786
2087486075
2087504643
2087503304
2087481628
2087268864
2087256411
2087262954
2086814472
2086819832
2086746296
2086763483
2085373679
2085353064
2085249685
2085234947
2085145775
2085140567
2085095920
2085101945
2085047184
2085041301
2091993690
2091992168
2091927768
2091914686
2091708698
2091703985
2091691640
2091608450
2091613311
2091539475
2091534974
2091541275
2091307065
2091312205
2090939388
2090935663
2090931751
2090877488
2090416404
2089301978
2089148690
2089164776
2089162216
2088612796
2088609952
2088537032
2088544344
2088532614
2088530566
2088308557
2088307295
2088285878
2087501183
2087258530
2087275609
2087261492
2087067821
2087054016
2085488777
2085362399
2085351084
2085319399
2091990048
2090470169
2090423793
2087654851
2087661882
2087569644
2087587788
2087508471
2087507650
2087496728
2087485520
2087484060
2087482531
2087500700
2087258030
2085315724
2085292785
2085259576
2092004706
2092012537
2092000770
2091928753
2091859327
2091844995
2091778055
2091754696
2091760877
2091624921
2091035192
2091022788
2091030213
2090937016
2090942403
2090876669
2090871071
2090775853
2089983750
2089971096
2089898837
2089896342
2089721600
2089666915
2089523962
2089293729
2089300458
2089158187
2089154968
2089068908
2088920023
2088836220
2088842984
2088757628
2088770457
2088675442
2088680851
2088615930
2088552213
2088289671
2088287846
2088306373
2088305522
2088294057
2088292767
2088291744
2088280944
2087487856
2087496769
2087504605
2087503216
2087490573
2087258125
2087264077
2087250405
2086568056
2086567267
2086574423
2086573219
2086572389
2086580857
2086449185
2086445907
2086462323
2086459856
2086058004
2085366415
2085375836
2085374933
2085373705
2085361002
2085309685
2085308231
2085294494
2085290350
2085246993
2085253332
2092014283
2091937397
2091923669
2091848817
2091324191
2091109474
2091106931
2089961681
2089885152
2088992612
2088909382
2088916537
2087947463
2087952849
2087888031
2087800935
2086748510
2086765697
2086655836
2085352134
2085257645
2091993755
2091992374
2091028089
2091037399
2091024605
2091022765
2091020100
2086004460
2085910746
2085808089
2085804839
2092015328
2091994617
2092013716
2092000758
2091936977
2091923424
2091847701
2091842160
2091699737
2091605996
2091610725
2091554067
2091531314
2091306156
2091301957
2091109213
2090870487
2090635620
2090631107
2090563725
2090570027
2090485224
2090491767
2090417892
2090433136
2089903252
2089826074
2089737677
2089674733
2089670014
2088698790
2088674617
2088670099
2088627570
2088623234
2088609824
2087865344
2087799549
2087721031
2087668748
2087666697
2087654455
2087642701
2087507344
2087496486
2087505620
2087494242
2087482879
2087258752
2087264847
2087260852
2087066518
2087063114
2086978731
2086764658
2085815282
2085822327
2085374032
2085373297
2085372168
2085351287
2085155296
2092005729
2092005034
2091994281
2091993112
2092001016
2091919659
2091916657
2091913535
2091859202
2091854237
2091830360
2091765362
2091760733
2091609182
2091605347
2091120612
2091120032
2091029410
2091038691
2091027960
2091016875
2091035994
2091024002
2091021842
2091019866
2090946880
2090943463
2090869607
2090865453
2090870677
2090794341
2090769964
2090732190
2090645916
2089979485
2089978993
2089978093
2089987135
2089975814
2089962522
2089979811
2089907924
2089894327
2089819131
2089824770
2089748236
2089732832
2089656216
2089651295
2089088665
2089077159
2089065702
2089074484
2089073207
2089082482
2089061774
2089081046
2089080466
2089079938
2088989149
2088988422
2088987415
2088996466
2088914603
2088901940
2088847335
2088281036
2088300288
2088279831
2088099233
2088108258
2088107292
2088106379
2088104445
2088092400
2088100640
2087960464
2087877318
2087883136
2087798000
2087794197
2087739626
2087726151
2087722530
2087581601
2087570804
2087560005
2087509402
2087498515
2087487990
2087507368
2087484635
2087483115
2087266357
2087263698
2087068573
2087074022
2086998673
2086833768
2086577207
2086576495
2086575955
2086585317
2086574767
2086573711
2086582047
2086560395
2086448297
2086445641
2086461533
2086137911
2086142713
2086057349
2086041844
2086006669
2086002945
2085909232
2085905846
2085365686
2085375086
2085354369
2085363441
2085362766
2085361721
2085370034
2085308593
2085296180
2085300882
2085236389
2085231771
2088286649
2086756506
2086458062
2086044899
2086059777
2085820788
2085494349
2085305711
2084978680
2092005753
2092004810
2092002276
2091990378
2091928008
2091934817
2091920726
2091034195
2091011774
2092004552
2092003752
2092012562
2091939474
2091917083
2091924591
2091625777
2091537192
2091533950
2091539910
2091304446
2091310893
2090575798
2090582487
2090485932
2090472098
2090416258
2090422703
2089729121
2089672190
2089546504
2089542393
2089287831
2089300866
2089167877
2089145395
2089153019
2089070842
2089080136
2088999643
2088979319
2088988765
2088977815
2088996640
2088974965
2088108893
2088108136
2088107243
2088094428
2088102283
2088019222
2087664416
2087651272
2087495712
2087494265
2087502505
2087500166
2087277322
2087273815
2087069554
2086992956
2086664511
2086573741
2086582677
2086580912
2086459115
2086446618
2086444654
2086452174
2086143044
2086058524
2086061581
2085995919
2092016171
2091918766
2089821126
2089735923
2089721668
2089072703
2089061865
2089061149
2089080425
2088987894
2088976445
2087813720
2087790859
2087718424
2087724707
2087569154
2087561300
2085243209
2085157502
2085142442
2085086931
2092015141
2092004404
2091993263
2091992094
2089978758
2089978159
2089987345
2089966263
2089974434
2087498691
2087508223
2087507494
2087496526
2087485378
2087494201
2087265330
2087078940
2085364322
2085363220
2085372047
2085360291
2085319015
2085155443
2085089407
2085094801
2085080809
2091995771
2092015212
2092003668
2091317900
2091304089
2091309960
2091127101
2091125078
2091113302
2090412368
2090052272
2090061034
2089989708
2089978992
2089978474
2089977906
2089967251
2089985814
2089984232
2089144198
2089161746
2088999072
2088998414
2088283748
2088292774
2088282053
2088291237
2088300574
2088099616
2088098989
2088118193
2088117058
2088115423
2088094027
2088091789
2088017832
2088024966
2087566936
2087504726
2091616478
2090629150
2090634973
2085304701
2085312245
2092004394
2092013224
2091036683
2091035138
2091033414
2091011571
2090948926
2090944952
2090887551
2087494534
2086562880
2091603436
2091549153
2091554740
2091114523
2090957021
2090865025
2090870328
2090640336
2089744135
2089658759
2089654826
2089529027
2089535903
2086811551
2085902773
2092015398
2092013092
2092002049
2092000266
2091918619
2091915717
2091123088
2091101260
2091110241
2091039534
2091028602
2089982783
2088985791
2086660741
2086588386
2086587466
2085317091
2085253909
2084979148
2092014037
2091991965
2091990343
2091928542
2091912946
2091849489
2091835581
2091779476
2091765469
2091771400
2091704870
2089888930
2089904823
2089880163
2089825676
2089811384
2089283190
2089290252
2089142255
2088985485
2088993770
2088981373
2088928669
2088926178
2088922620
2088837964
2088832380
2088768219
2088773531
2088103254
2088015366
2087792153
2087649120
2087656395
2087279036
2087264437
2086448844
2086466195
2085819391
2085805804
2085045587
2084969690
2092012448
2092011142
2091026282
2091024751
2091012461
2091010821
2090957488
2090934260
2090879219
2090885200
2090860166
2090783360
2090622454
2090576130
2090562285
2090477455
2090483430
2090419086
2090414865
2090431942
2089961340
2089895630
2089892501
2089817196
2089674219
2089549573
2089523835
2089309517
2089295432
2089291924
2089167938
2089164787
2088972673
2088917900
2088903097
2088615406
2088612512
2088555468
2088553350
2088540919
2088298997
2088307677
2088110675
2088035188
2088021950
2087063095
2086987970
2086982712
2086762375
2086678935
2086667141
2086655817
2086674465
2086663273
2086652468
2086583068
2086561424
2086449714
2086457443
2086465262
2086442588
2086159076
2086134560
2086130084
2085916271
2085912510
2085818637
2085351637
2085360152
2085308335
2085296022
2085032090
2091996457
2092006385
2092015820
2091995203
2092004325
2092013471
2092000992
2091932950
2091837092
2091853288
2091685654
2091700426
2091627353
2091613575
2091113464
2091112189
2091101107
2091110004
2091039199
2091038523
2090738072
2090732152
2090646549
2090572371
2090070602
2090050025
2089969448
2089968698
2089977968
2089976978
2089976125
2089964501
2089973006
2089971042
2089908327
2089895798
2089892800
2089665536
2089659886
2089536900
2089533268
2088104313
2088092666
2088019520
2088026928
2088024733
2087968937
2087506533
2087485282
2087493507
2087501729
2087256029
2087077934
2086585412
2086564791
2086563930
2086563025
2086561244
2086469467
2086447592
2086454685
2086451627
2086148155
2086153110
2085373903
2085371861
2085360377
2085303140
2085259549
2085255177
2085047752
2090949424
2090956662
2090930006
2090886760
2089982032
2089960317
2089907143
2089900219
2089815990
2089820076
2088975482
2088973783
2088991454
2088918696
2088904692
2088911231
2088618734
2088614083
2088537848
2088093818
2088101192
2088027546
2088013723
2088019924
2087965117
2087492845
2087491796
2087279006
2087274645
2087059046
2087064423
2086989072
2086994940
2086917741
2086814280
2086767692
2086742618
2086760056
2086467432
2086441872
2086151084
2085296501
2085313905
2085290864
2085252371
2085167368
2085104139
2085025864
2085039981
2091991173
2091915965
2091755115
2090947066
2090888756
2090864198
2090779433
2090487131
2090437973
2089652538
2089282271
2089156166
2089142416
2088687148
2088614593
2088611565
2088307823
2088296402
2088101839
2088019396
2091029472
2091028800
2091028130
2089968491
2089977244
2089975811
2089070595
2089059966
2088989544
2088997990
2088987129
2088975904
2088994074
2088982047
2088928171
2088558505
2088555369
2088540413
2088308897
2088287189
2088285963
2088290197
2088019681
2088037233
2088013353
2087969393
2087943833
2087588230
2087586304
2087575062
2087573805
2085374081
2085353135
2085233013
2085158391
2085162223
2085086764
2092006320
2092015875
2091995070
2092004357
2092012934
2091831283
2091767875
2091696377
2091703518
2091700436
2091628150
2091602463
2091557557
2091553901
2091120182
2091029321
2091027491
2091036551
2091024557
2091011957
2090955967
2090950629
2090792568
2090726988
2090722247
2090627835
2090634348
2090621045
2090566643
2090488215
2089968221
2089977645
2089986916
2089891312
2089825644
2089811176
2089672309
2089300116
2089156908
2089060362
2088978603
2088997763
2088987043
2088995775
2088984773
2088983348
2088989873
2088926513
2088629242
2088556750
2088542810
2088095973
2088104268
2088092027
2088039654
2087958843
2087965572
2087950963
2087861802
2087805429
2087730940
2087506773
2087504562
2087482961
2087491250
2087257187
2086919024
2086828927
2086836020
2086743822
2086658764
2086656423
2086583015
2086560320
2086457581
2086459813
2086135790
2085999537
2085994302
2086000698
2085804159
2085500986
2085361933
2091996443
2091994908
2092003869
2092002617
2091752001
2091707899
2091692780
2091028902
2091028184
2091027384
2090954894
2092001927
2092000330
2091029507
2091038497
2091027635
2091036834
2089967786
2089966561
2089984995
2089982856
2088846812
2088019580
2087807981
2087811916
2087727105
2087659419
2087491062
2087268053
2087265013
2087251683
2086995128
2086465606
2086441060
2085244668
2085159355
2085154797
2091327369
2091304250
2091301934
2091119139
2091125962
2091104306
2091112627
2091101538
2091120621
2091039414
2091018683
2090062388
2090061135
2090060391
2091840272
2091755915
2091773259
2091760516
2091028430
2091017683
2091016286
2091014730
2091022680
2091030246
2090956314
2090932050
2090876366
2090782858
2090718239
2090713380
2090639330
2089969432
2089988133
2089967245
2089976050
2089984566
2089533183
2088987257
2088986105
2088975004
2088981441
2088927970
2088922202
2088837448
2088821460
2088777154
2088754353
2088687909
2088619434
2088625469
2088623062
2088600844
2088546840
2088545250
2088113265
2088111710
2088019203
2088035870
2086448969
2086455022
2086156888
2086143438
2085984427
2085989864
2085905699
2085350104
2085297821
2085315346
2085301057
2085237863
2085166917
2085161434
2085104251
2092013119
2092010273
2091917836
2091924894
2091754532
2091771365
2091696838
2091684422
2091681014
2091625866
2091614275
2091610388
2091545166
2090948448
2090934671
2090950497
2090882608
2090776763
2090721711
2090647110
2090631703
2090577833
2090573943
2090560626
2090478821
2090474650
2089882948
2089827849
2089811103
2089726390
2089721677
2089283780
2089280502
2089168625
2089155994
2089153721
2089160823
2089069112
2089087820
2089086208
2088911479
2088847991
2088832618
2088767029
2088763714
2088679371
2088675640
2088671041
2088625390
2088601002
2088557760
2088555061
2088034899
2088031904
2087958884
2087964642
2087960479
2087800862
2087737547
2087724499
2087710900
2087667640
2087654709
2087481641
2087257116
2086820942
2086756603
2086763705
2086750554
2086451269
2086137193
2086140259
2086046275
2086040406
2085983955
2085989844
2085894020
2085891140
2085237015
2085253219
2085155283
2085150232
2085095191
2085049458
2085025323
2085031613
2084967313
2091838250
2091844095
2091768491
2091706526
2091703302
2091681166
2091602208
2091538512
2091554833
2091541736
2091307405
2091313195
2091320383
2091115657
2091123889
2090943794
2090878952
2090875418
2090861174
2090785113
2090719575
2090645970
2090417443
2090423430
2089901767
2089817944
2089813020
2089747796
2089723719
2089667943
2089304481
2089291483
2089146410
2089162790
2089149853
2089067492
2089086169
2089075108
2087865967
2087880024
2087648933
2087645962
2087652952
2087641611
2087589486
2087567365
2086898965
2086894072
2086911311
2086811591
2086676113
2086054995
2085988202
2085906760
2085911934
2085818218
2085825781
2092006001
2091995432
2091994460
2092013540
2091917652
2091914736
2091922019
2091837108
2087711532
2087658209
2087645231
2087651933
2086836284
2086822888
2086759392
2086765325
2086763366
2086750585
2086677648
2086675877
2086653914
2086661563
2086670509
2086569553
2086586930
2089159189
2089145588
2088682440
2085139999
2085103986
2085039100
2085035435
2091996681
2092015390
2091994763
2092013776
2091921616
2090050274
2088092405
2087484082
2087482426
2085355559
2085354996
2085354289
2091546469
2091317293
2091031343
2090947450
2090576179
2090562863
2089971383
2089907818
2089806438
2089811869
2089523618
2089539829
2089287058
2089162748
2088983656
2088929218
2088916165
2088912402
2088825130
2088777630
2088604127
2088296619
2088094422
2088039282
2088014700
2087868801
2087862336
2087817390
2087656234
2087496681
2087485626
2087504172
2087482377
2087259435
2087265727
2087271339
2087060219
2086767882
2086586447
2086575533
2086564984
2086564356
2086583157
2086582228
2086580774
2086458957
2086456291
2086443478
2086155658
2086140151
2086064479
2086049769
2085827293
2085823803
2085371450
2085360295
2085318216
2085315785
2085313067
2085289972
2090072429
2089307464
2089304087
2089156042
2089153186
2088912716
2088837675
2088820964
2091546190
2091541772
2091327956
2091324955
2091301643
2091128357
2091113410
2091122214
2091120491
2091029591
2091018907
2091017352
2091026331
2091024963
2091022210
2090938494
2090954809
2090941882
2090869198
2090862620
2090796495
2090791797
2090725839
2090638582
2090643723
2090062728
2090051628
2090060637
2090060017
2089989456
2089988880
2089978403
2089977713
2089976969
2089976157
2089974704
2089898051
2089904002
2089808915
2089803818
2089749589
2089745640
2089731211
2089677434
2089651553
2089548430
2089524561
2089540976
2089287738
2089285062
2089291350
2089158681
2088987759
2088996636
2088974778
2088982943
2088990859
2088928836
2088915644
2088911458
2088847208
2088832638
2088757696
2088699258
2088674514
2088670558
2088627783
2088614877
2088620145
2088537001
2088544431
2088540780
2088309389
2088308019
2088293176
2088292328
2088092446
2088089765
2088034433
2088029784
2087964744
2087879383
2087884408
2087808070
2087264043
2087073716
2087070427
2086976250
2086969820
2086900059
2086766324
2086584049
2086573190
2086561655
2086467309
2086450068
2086145481
2086059335
2086063956
2085999288
2086004712
2085899233
2085247784
2085243117
2085157002
2085045261
2084989575
2092015267
2092004526
2092003746
2091992588
2091930716
2091834391
2091749877
2091686490
2091683485
2091700371
2091627242
2091036682
2091025757
2091024430
2091022655
2090959172
2090934364
2090887716
2089531365
2088675638
2088691354
2088607495
2088109469
2088118920
2088117973
2088117315
2088106040
2088094746
2088103301
2088091651
2088018171
2088014427
2088010642
2087946635
2087952234
2087860501
2087816422
2087714504
2087731233
2087656567
2087487944
2087497136
2087486372
2087485276
2086451149
2086146797
2086150559
2085319189
2085294264
2085237890
2085253035
2085102189
2085036387
2085041079
2092016043
2092004329
2092001809
2091919231
2091914695
2091922256
2091838857
2091830712
2091761309
2091707843
2091704029
2091691123
2091019144
2087864795
2087819529
2087509529
2087488632
2087496636
2087495759
2087494785
2087502892
2087480595
2087257674
2087253089
2087057659
2087053096
2086997447
2086892012
2086837498
2086824047
2086830748
2086563996
2086581527
2086456281
2085376907
2085376425
2085355776
2085364958
2085297968
2085151712
2085092294
2091681018
2091607021
2091543387
2091530108
2090488571
2090475309
2087661087
2087640064
2087578037
2087586766
2087252290
2087061875
2085802061
2085498911
2085507300
2085292608
2085309781
2085246431
2085043497
2085040300
2091615161
2090887424
2090883840
2090778904
2090792082
2090737525
2090712899
2090638445
2090634151
2090630312
2090586018
2090479135
2090485180
2090491249
2090417786
2090413830
2089666480
2089652121
2089298955
2089295585
2089291981
2088912424
2088899765
2088777639
2088763978
2088678248
2088683751
2088609125
2088605164
2088621919
2088559014
2088556143
2088543581
2088541037
2088289487
2088287964
2088302355
2088091275
2088039074
2088026088
2088021656
2087882810
2087806433
2087792564
2086983931
2086980140
2086916885
2086903385
2086839400
2091935556
2091616496
2090937048
2090934253
2090930096
2090861856
2090783798
2090717596
2090713410
2089988895
2089978087
2089972828
2089909199
2089905782
2089747176
2089731665
2089665545
2088550000
2088297959
2088286104
2088294687
2088293499
2088291939
2088280208
2088099310
2088098691
2088093805
2088102345
2088110046
2088024847
2088020466
2087946683
2087868886
2087874667
2087816879
2087801504
2087581042
2087486839
2087484252
2087493034
2087500848
2087276302
2087263001
2086972233
2086916385
2086828212
2086835076
2086564209
2086573085
2086580985
2086466845
2086443508
2086460537
2086155916
2086132747
2085910970
2085807844
2085803979
2085355950
2085363686
2085369980
2085295902
2085290381
2085250973
2091909770
2091845276
2091552474
2091307820
2091315326
2091310986
2091127815
2087648498
2087655306
2087581908
2086971029
2086568242
2086577537
2086567044
2086574664
2086564004
2086562071
2091991163
2091929641
2091845517
2091841015
2091026661
2091025120
2091013335
2091020898
2089974788
2089901827
2089826244
2089800438
2088976999
2088985650
2085350249
2091844620
2091534862
2091542380
2091306750
2091324215
2091321015
2091107766
2090880338
2090773640
2090588462
2089816589
2089725146
2088820699
2088765699
2088761099
2088696588
2088303067
2087955881
2087962512
2087877181
2087809403
2087813670
2087739502
2086990133
2086905500
2086911860
2086816859
2086833679
2086811285
2086748184
2086676931
2086655066
2085097908
2085082559
2091935759
2091921777
2091838589
2091844607
2091840530
2091753363
2091750604
2091687058
2091695360
2091555630
2090784049
2090728904
2090714297
2090477294
2090492858
2090427572
2089545369
2089305252
2089301324
2089157497
2089144786
2089069469
2089077232
2089085158
2089073842
2089062658
2089061993
2089061156
2089070740
2088902305
2088827182
2088842965
2088768221
2088762266
2088684385
2088629729
2088605029
2088022500
2087945757
2087961657
2087886815
2085168177
2085109147
2085102123
2085038147
2091700347
2090494292
2090489762
2089810206
2089744154
2089654784
2088992961
2088769913
2085306609
2085298999
2091935304
2091922138
2091859219
2091841156
2091777431
2091553878
2091540132
2091307497
2091304005
2091301041
2090948547
2090956135
2090931448
2090876755
2090870925
2090795901
2090739027
2090733688
2090637059
2089981663
2089899115
2089905476
2089818306
2089803513
2089739373
2089723225
2089677492
2089673643
2089538368
2089535072
2089540346
2089285150
2089163444
2089141292
2089087597
2088980054
2088917170
2088911174
2088837360
2088833086
2086069234
2084968407
2091309412
2091315646
2091310831
2090947898
2090935197
2090942064
2090887805
2090863777
2090788266
2090770810
2090716459
2087719540
2087652716
2086992312
2086827855
2086747142
2086764351
2086061139
2085904904
2085891284
2085803412
2091859414
2091855669
2091841179
2091755628
2091099965
2091039175
2091038578
2091027650
2091026798
2088989617
2088978939
2088977937
2087498237
2087497623
2087506904
2087485973
2087504786
2087493329
2086575544
2086563951
2086582405
2092014153
2092003191
2092001833
2091990694
2091928705
2091931416
2091847829
2091698310
2091683535
2091699741
2091121893
2091120752
2091120081
2091039358
2091038538
2091027691
2091016734
2091025146
2091023266
2091020494
2090937074
2090943667
2090940148
2090875802
2090788732
2090793080
2090726747
2090722654
2090628011
2090623366
2090578329
2090573705
2090489265
2090476257
2090492279
2090438073
2090062319
2090071221
2090070304
2089969480
2089968918
2089968332
2089977504
2089975935
2089963944
2089981120
2089888824
2089895990
2089881697
2089828284
2089824212
2089820232
2089724704
2089730312
2089656572
2089661059
2088766904
2088771111
2088686350
2088681442
2088627605
2088624638
2088611164
2088548221
2088555171
2088531787
2088289639
2088308297
2088306285
2088285240
2088294011
2087945605
2087951042
2087867340
2087872844
2087805431
2087811296
2087717666
2087723791
2087731028
2087648437
2087655556
2087078973
2087071128
2086890657
2086816125
2086821702
2086757512
2086744371
2086133968
2086054383
2086059934
2086004985
2085989963
2085896289
2085893108
2085809496
2085365043
2085374267
2085353708
2085372593
2085360884
2085298235
2085305765
2085313099
2085299847
2085234966
2085169133
2085143864
2085108316
2085091698
2085035823
2085041141
2091305259
2091301242
2091108416
2091116497
2091124794
2091113149
2090881864
2090777534
2090773395
2090729403
2090714308
2090639058
2090643316
2090579662
2090417747
2090434070
2091855043
2091830328
2091766714
2091549030
2091544973
2091541746
2091311667
2090938211
2090945108
2090941646
2090888085
2090874868
2090870632
2089897464
2089884028
2089679691
2089661998
2089537335
2089543254
2089530115
2089296695
2089141354
2089078272
2089084908
2089063540
2088826699
2088831420
2088750932
2088695452
2088618154
2088011887
2087967901
2087649450
2087666486
2087664111
2087640309
2087588676
2087586965
2086824039
2086821516
2086141541
2086056389
2085898013
2085914847
2085807933
2085500236
2085318200
2085315866
2085246290
2085231501
2085144358
2085098375
2085081925
2091851435
2091767860
2091765054
2091771203
2091708000
2091619190
2091624185
2091621149
2091318417
2091301201
2091116383
2090954843
2090878794
2090884264
2090788823
2090772008
2090737655
2090711650
2090636463
2090640791
2090474595
2090470322
2089739093
2089724029
2089667858
2089652558
2089537912
2089543998
2089305980
2089292901
2089159334
2089165670
2089162357
2089160609
2089076849
2089075473
2089064084
2089082687
2091690268
2091617751
2091329586
2091316526
2091303018
2091319979
2091126733
2091104494
2090775356
2090624869
2090620509
2090577194
2090052220
2090060691
2090069966
2089969411
2089168810
2089154453
2088671720
2088627173
2088536596
2088533719
2088550805
2088298406
2088306666
2088285175
2088303253
2088302375
2088290821
2087587176
2087488191
2087487277
2087485085
2087483723
2086586273
2086575514
2086564429
2086573165
2085992055
2085811694
2085489297
2085506399
2085483317
2085362944
2091028182
2091037530
2091015279
2091023028
2091020447
2090947293
2090953285
2090889617
2090060248
2090049753
2089979084
2089967651
2089986789
2086568062
2086567490
2086586990
2089528563
2089286645
2088601387
2087714615
2087731675
2091926023
2091913278
2091858298
2091840851
2091775691
2091750881
2091707522
2091703107
2091679983
2091627151
2091610773
2090718899
2090732784
2090636006
2090621326
2089826429
2089812460
2089523218
2089539947
2089284141
2089281719
2089148411
2089164906
2089153540
2088835998
2088832419
2088759116
2088764057
2088689155
2088675039
2088670008
2088616279
2088622290
2087866807
2087809318
2087059708
2087075333
2086984252
2085313096
2085249564
2085242370
2085022491
2091771586
2091692767
2091679767
2091606514
2091544077
2091319711
2090486252
2090481643
2087642472
2087640496
2086974729
2086899123
2086905730
2086651881
2086568219
2086443101
2086449842
2086059262
2086042695
2085997135
2085484656
2085360439
2091694217
2091691767
2090888719
2090883431
2090778179
2090783632
2090718028
2090645910
2089803682
2089748019
2089724353
2089730921
2089655230
2088686060
2088671999
2091925109
2091932397
2091858926
2091856658
2091831729
2091776796
2091771450
2091558360
2091533708
2091550064
2091327849
2091299772
2091125838
2090957413
2090951948
2090868607
2090875100
2090788218
2090793244
2090725651
2090710735
2090621412
2090574645
2090559741
2090480959
2090436150
2090411148
2089903915
2089809003
2089813557
2089746228
2089730524
2089651794
2089529080
2089524210
2089296350
2089292380
2089147842
2088912010
2088846907
2088769331
2088753273
2088699048
2088609193
2088602017
2088548662
2088544040
2088030866
2087950558
2087883550
2087880021
2087816520
2087811706
2087737809
2087724081
2087729968
2087657090
2087050561
2086983734
2086905821
2086767421
2086131066
2086043368
2086039824
2085990467
2085904627
2085825922
2085309795
2085242943
2085167377
2085143747
2085086558
2091928801
2091936675
2091015520
2091014290
2091011933
2090959379
2090934995
2088826079
2088832811
2088758396
2088770987
2088685503
2088616752
2088602235
2088558833
2088554678
2088542887
2088540801
2087495550
2085362672
2092006278
2091995602
2092004635
2092003826
2091766323
2091697026
2091693517
2091690638
2091611015
2091558027
2091544064
2091541034
2091326683
2091313902
2090623458
2089721573
2089655091
2089670901
2089546482
2089542842
2089297658
2088759154
2088773068
2088689248
2088685182
2088670848
2088616562
2088613625
2087865557
2087727459
2087730201
2087642479
2087578871
2087585165
2085085548
2085030491
2091927330
2091935122
2091930152
2091840215
2091776077
2091606272
2091038267
2091037840
2091036820
2091015675
2091014370
2090959680
2090947272
2090942962
2090878841
2090490151
2090426152
2090423216
2089888789
2089895244
2089144191
2088924421
2088921416
2088013564
2087939959
2087505669
2087484818
2087493825
2087500442
2087059150
2091997739
2092017135
2091996335
2091995762
2091938075
2091839159
2091834994
2091024951
2091011113
2090947693
2090716824
2090730757
2090623772
2089982908
2089817160
2089726572
2089664748
2089651166
2089547598
2089289523
2088994683
2088973014
2088991300
2088918602
2088925465
2088552656
2088289616
2088287938
2088094194
2088110649
2088017530
2087811804
2087717024
2087669579
2087647042
2087643967
2087650770
2087568535
2087051103
2086973982
2086905352
2086757335
2086668346
2086656409
2086673955
2085899301
2085813886
2085821784
2085509131
2085487444
2085495422
2085504216
2085482459
2085480994
2085379565
2085368106
2092002804
2091990685
2091938638
2091848692
2091840706
2091767311
2091753278
2091709016
2090736622
2090719884
2090644947
2087646845
2087643950
2087565977
2087584245
2086768360
2086745416
2086669788
2086568852
2084967939
2091996733
2092005449
2092013668
2091990876
2091931557
2091858525
2091546998
2091543785
2091530522
2091303159
2091017019
2091015663
2091023628
2091011913
2090937963
2090942767
2090878310
2090884112
2090789133
2090722136
2090636631
2090622269
2090567918
2090565306
2090572746
2090497741
2090493758
2090470591
2090413503
2089890378
2089720229
2089650147
2089526203
2089533550
2089520617
2088917293
2088903900
2088836932
2088830018
2088756474
2088624163
2088610679
2088288793
2087954875
2087810376
2087644553
2087660108
2087078594
2087065006
2087070127
2086974132
2086918931
2086821667
2086744956
2086663746
2086052642
2085829692
2085823159
2085367307
2085148783
2085153903
2091777223
2091752494
2091694505
2091022975
2091020714
2090945943
2090622446
2089969515
2089988695
2089968041
2089977013
2089976040
2089881595
2089677707
2088841881
2088021973
2086570506
2086468096
2085508840
2085318735
2085304732
2085229787
2085154152
2092017794
2092007047
2092015857
2091112169
2091120959
2089061256
2089080348
2088979649
2088302867
2088292062
2088280975
2088300294
2088279886
2087507520
2087486748
2086650942
2086649829
2086568755
2086587714
2086587017
2086585989
2085378505
2085376652
2091913625
2091920110
2091845461
2091850088
2090785888
2090727856
2089898359
2089893101
2089828534
2089803506
2089147034
2088904072
2088910175
2088846337
2088820723
2088037868
2088033619
2087949263
2087945347
2087949748
2087481163
2087267902
2087264809
2087260349
2087056377
2087070914
2086985323
2086450444
2086137493
2086058942
2085312625
2085289811
2085235447
2085168410
2085088184
2085082193
2088906732
2088306568
2088016447
2088012931
2087957422
2087962242
2087493380
2092016890
2092016445
2092003442
2091992317
2091938238
2091304198
2091311269
2091103833
2091111732
2091121119
2091019439
2091028295
2090638030
2090567913
2090478948
2090483304
2090490417
2090413857
2089156467
2089154143
2089161857
2089067040
2089065309
2089084034
2089062279
2089061392
2089070823
2088547559
2088554866
2088532736
2088284949
2088283839
2088302839
2088301351
2088105267
2088093082
2088090412
2088037474
2088034395
2087940768
2087864832
2087870397
2087796328
2087736886
2087723100
2087265937
2087252308
2087058262
2087072646
2086827342
2086832787
2086748152
2086744242
2086135572
2086141838
2086043149
2085991809
2085905281
2092001697
2091931634
2091036019
2091013946
2091031770
2091009782
2090956146
2090952257
2090639136
2090643302
2090569205
2089978615
2089977751
2089976551
2089975413
2089983400
2089898099
2089893298
2089745433
2089669531
2089674739
2089670776
2089534816
2089540568
2088979204
2088978221
2088997393
2088976578
2088990494
2088927049
2088903893
2088910204
2088841247
2088758626
2088773181
2088749833
2088683893
2088690015
2088289837
2088099153
2088098500
2088107447
2088116487
2088114242
2088112410
2088011609
2087967126
2087879505
2087875071
2087881142
2087797492
2087792889
2087799889
2087580296
2087489476
2087508355
2087497504
2087496568
2087494963
2087493337
2087501400
2087269301
2087257179
2086979805
2086829581
2086151632
2086045765
2086050545
2086005407
2085897688
2085299177
2085296956
2085293741
2085289838
2085255707
2085251421
2092007558
2092016257
2091994350
2091992349
2091990116
2091851507
2091778032
2091774853
2091750049
2091700374
2091547393
2091550740
2090718895
2090715531
2090646097
2090488116
2090414475
2089679095
2089521451
2089165294
2089163156
2089140889
2088982617
2088969758
2088685125
2088689768
2088601696
2088537994
2088531910
2088038050
2087963658
2087887717
2087862115
2087716320
2087722156
2087658313
2087655601
2087661812
2087569481
2087587571
2087576240
2086998799
2086994116
2086896494
2086832688
2085902494
2085809309
2085824457
2085799792
2085487905
2085486258
2085095761
2091924362
2091931519
2091753547
2091546748
2091543761
2090941232
2090875728
2089886908
2088914946
2088605371
2088094433
2088111994
2087954429
2087876541
2085911955
2085808079
2085154758
2085087300
2085100570
2085023781
2091998451
2091938331
2091926083
2091837992
2091834082
2091024910
2091023144
2091020629
2090956911
2090953764
2090876668
2090870478
2090774139
2090739291
2089964916
2089963110
2089970947
2089897221
2089893130
2089745010
2089536020
2088983560
2088990180
2088922567
2088836570
2088102335
2088029073
2088033548
2087964211
2087888755
2092008435
2091917822
2091933664
2091769978
2091026926
2091025340
2091023659
2090722541
2090647800
2090633315
2089976931
2089728662
2089743707
2089740589
2088986766
2088911432
2088835874
2088092371
2088099912
2088026546
2087968033
2087944976
2087869323
2087715746
2087503203
2087480778
2087258668
2087274505
2087270583
2087075289
2087060320
2086837817
2086834739
2086822161
2086570943
2086457761
2086455989
2086462112
2086138539
2086134750
2086056451
2085901280
2085371501
2085308631
2085295855
2085293938
2085300170
2085255931
2085140155
2091997020
2092016370
2091995836
2091016573
2090061462
2090050583
2089976455
2089985129
2089309125
2089080807
2088979235
2088117796
2088106122
2087808613
2087488117
2087257377
2087264347
2086999638
2086974294
2086451863
2086158654
2086154663
2085815935
2085377558
2085027627
2091848974
2091840940
2091756379
2091762504
2091706710
2091018565
2091037598
2091016350
2091023025
2091020766
2090953971
2090879029
2090872956
2090787749
2090773335
2090789985
2090643643
2090581469
2090477558
2090484223
2090481271
2089977609
2089975103
2089973589
2089971376
2089888165
2089882427
2089818708
2089812158
2089747545
2089722260
2089666613
2089651432
2089537627
2089522395
2089288341
2089304468
2089281360
2089165233
2089163135
2089151190
2088982733
2088765931
2088751662
2087961632
2087803263
2087724248
2087568995
2087566915
2087575499
2087057923
2087062545
2086917521
2086890822
2086825705
2086821762
2086765807
2086751261
2086656066
2086674024
2086672458
2086458379
2086445317
2086452944
2086440043
2086143292
2086047248
2086040444
2085986384
2085981008
2085905771
2085912325
2085825136
2085359229
2085293125
2085239380
2085234571
2085155001
2085160035
2085031620
2084986821
2091037625
2090061952
2088989173
2088988276
2088971927
2088929396
2088297912
2088286067
2088107609
2088116923
2088095674
2088092750
2088019632
2087576902
2087585339
2087583935
2087582459
2087561500
2087560458
2087499704
2087499087
2087508543
2087487928
2087485906
2087494815
2087502578
2087480660
2087255049
2087261444
2086576718
2086576113
2086584477
2086563962
2086561870
2086455066
2085804302
2085487389
2085485390
2085503931
2085481554
2085480042
2085350089
2085306848
2092008192
2092017475
2091996259
2092015550
2092014556
2089979435
2089988816
2089978015
2089977185
2089651120
2089080648
2089059912
2088979244
2088978317
2088986439
2088281898
2088281043
2085376338
2085355283
2085371035
2085319048
2085306657
2085303100
2085259172
2091037410
2088983666
2088290058
2088099443
2088108835
2088098243
2088097217
2088106066
2088094904
2088102866
2087497693
2087506979
2087496157
2087495209
2087503400
2087491094
2086584742
2086563711
2086582078
2086560657
2086467974
2085354370
2085353473
2085372513
2085361119
2085309354
2085306962
2091924115
2085092236
2091992752
2092001112
2091918953
2091916258
2091913096
2091855259
2091536828
2091540455
2091307694
2091311995
2091016584
2091022601
2090956466
2090940127
2090875719
2090860875
2090781331
2090736239
2090638957
2090620158
2090577289
2090580309
2090494858
2090427977
2089805834
2089736442
2089657348
2089525642
2089309692
2089285505
2089291789
2089149138
2089145837
2089143808
2089151859
2089089357
2089087766
2088987157
2088975935
2088974828
2088972443
2088980631
2088837217
2088831522
2088754084
2088698528
2088670565
2088605758
2088106344
2088115062
2088021396
2087946440
2087504881
2087503881
2087490313
2087272344
2087058387
2087065077
2086560053
2086042008
2086006290
2085297565
2085294997
2085291241
2085256641
2085251903
2085145576
2085089731
2085048885
2088831287
2088697386
2088680970
2088027541
2088015412
2087719081
2087658608
2086977660
2085802852
2085149023
2091123402
2091102180
2091100746
2091100011
2091029116
2091028309
2091024821
2090931526
2088845227
2088114961
2088113029
2088101508
2088028168
2088025273
2087795755
2087790228
2086041462
2085987167
2085485441
2085294001
2085310274
2091300852
2091127581
2089988261
2089981329
2089906295
2089065489
2089063929
2089082846
2088989318
2086753740
2086761173
2086586872
2091313080
2091101522
2090799573
2091683538
2091629051
2091625757
2091622152
2091547965
2091544326
2091529866
2091326519
2091108980
2090778688
2090772638
2090715886
2090722126
2090647966
2090633524
2090569316
2090564898
2090581161
2090478132
2090492755
2090438412
2090424085
2089890622
2089805583
2089821403
2089747785
2089152537
2089150468
2089066516
2089085333
2089073995
2088924571
2088911044
2088827204
2088033834
2087969705
2087956215
2087941593
2091774964
2091749867
2091705241
2091618371
2090878457
2090862776
2090770127
2090735824
2090720883
2090640005
2089141243
2089088742
2089067087
2088986692
2088975103
2088993151
2088971114
2088917909
2088904902
2088910305
2088840884
2088760877
2088696501
2088297036
2088305301
2088097542
2088104612
2088039307
2088016351
2088031545
2087957538
2087953390
2087803403
2087068853
2086989113
2086992927
2086907674
2086816569
2086812709
2086759696
2086744014
2086741716
2086676465
2086665060
2086583407
2086562254
2086560059
2085371050
2085300843
2085234686
2085157077
2085108920
2091532476
2091306744
2086582863
2086571635
2086448520
2086444778
2086149218
2086135390
2086040029
2086005036
2085901286
2085827470
2085317779
2085294962
2085311620
2085234215
2085158517
2085163018
2090932352
2090867199
2091995101
2092004196
2091991240
2091037689
2091025229
2089968274
2089881635
2089808198
2089802943
2088975014
2087496024
2091753441
2091696278
2091681947
2090737520
2090733140
2090051139
2089989251
2089968364
2089884248
2089063171
2089081709
2088752748
2088685628
2088109076
2088097189
2088095453
2088092061
2087278730
2087254623
2087271491
2087065943
2086974247
2086897631
2086818554
2086825085
2086587963
2086567229
2086586575
2086565747
2086585196
2086564296
2085363226
2085372152
2085350813
2085309204
2085296424
2091768129
2091535662
2091532701
2091316938
2090951572
2090875431
2090647930
2090643595
2090578459
2090495416
2090435867
2090422747
2089527021
2089531347
2089298300
2088775000
2088692002
2088618982
2088602799
2088558826
2087877531
2087793594
2087809904
2087716083
2087667134
2087072112
2086976779
2085993886
2085899557
2085912978
2085818808
2085815212
2085822840
2085487142
2085485661
2085316058
2085312130
2085248304
2085153612
2085086640
2085079995
2085043125
2091835324
2091841123
2091755804
2091751408
2091683558
2091680469
2091696040
2091615531
2091613470
2091538945
2091016845
2091025088
2091020327
2090957670
2090955392
2090886558
2090861345
2090724149
2090730512
2090626902
2090642783
2090569444
2090575412
2090581622
2089805114
2089800504
2089741441
2089549437
2089545719
2089307667
2089304124
2088849644
2088827466
2088757321
2088678090
2088695219
2088672006
2088547372
2088034197
2087968126
2087875766
2087079473
2087074930
2087069984
2086902315
2086667263
2086655635
2086664155
2086662561
2086671049
2085235093
2085230412
2091321971
2090641667
2090567958
2090564311
2090571649
2090488921
2089285059
2088776326
2088773039
2088620110
2087864120
2087730981
2087264817
2087270262
2087076568
2086989428
2086748882
2086662236
2086444201
2086137971
2086152254
2085258884
2085168728
2087942504
2087885220
2087269211
2091683426
2091699881
2091016740
2091024756
2091032442
2090867007
2090880010
2089985962
2089983739
2089961935
2089899730
2089678599
2088992477
2088827067
2088694192
2088609076
2088605111
2088610366
2088097046
2088105853
2087496489
2087495520
2087484194
2086563997
2086573139
2085914664
2085352217
2085370433
2085146195
2085160336
2085093644
2091925862
2091932561
2091844759
2091686097
2091302758
2090883914
2090776619
2090718408
2090414170
2091996019
2092004975
2091018643
2091027780
2089540915
2087482705
2086914939
2086890451
2086811988
2086758757
2086759795
2086665236
2085895801
2085817964
2085376757
2085376035
2085354977
2085354399
2085353555
2085362594
2085351199
2085306876
2085291838
2085237285
2085253445
2085158686
2085155139
2085087942
2085046743
2085020788
2091614310
2091557355
2089156876
2089076429
2089084430
2089072676
2088831427
2088771784
2087798584
2087814110
2087566009
2087584693
2087563616
2087481492
2087268457
2087263870
2087250157
2086839122
2086445179
2086461673
2086136394
2086047012
2086050883
2085918201
2085911839
2085814536
2085236694
2085241391
2091936425
2090583315
2090428364
2089909435
2088974199
2088981567
2088919061
2088924598
2088900454
2087957461
2087885814
2087490112
2087277664
2087255000
2087251347
2086148579
2086153708
2086069439
2086054341
2091775583
2091751712
2091706514
2091690237
2091603227
2091559208
2091545601
2091309202
2090932333
2090877281
2090862629
2090784552
2090719113
2090715024
2090730994
2091831133
2091760920
2091611803
2091542478
2090572157
2090473978
2090481022
2089800811
2089743927
2089657060
2089651552
2089545476
2089522053
2089284112
2089169673
2089062876
2088843397
2088753479
2088697967
2088672765
2088615371
2088610513
2087879471
2087564466
2087057983
2087071297
2086975639
2086659487
2086677490
2086655216
2086153243
2086065617
2085989604
2085991015
2085501268
2085231118
2085039881
2089083963
2089062738
2088099341
2086562413
2086560823
2086468575
2086445880
2085356780
2085355342
2085364192
2085373410
2091937777
2091915265
2091756671
2091621619
2091552278
2091327407
2091107675
2091125559
2090714915
2090629189
2090585618
2089739425
2089723704
2088752714
2088616528
2088539066
2088555916
2088026629
2088022890
2087720464
2086975929
2086980622
2086894783
2086814901
2086829766
2086057830
2086052344
2085995393
2085991213
2085915237
2085911450
2085294186
2085290997
2085247522
2085239913
2085155544
2085086846
2091620363
2089168929
2089166003
2089086740
2088626419
2088613365
2087789953
2087716009
2087722000
2087658222
2087655764
2087642950
2087641097
2087072213
2086983699
2086767035
2085818546
2085825870
2085820224
2085256212
2091920566
2091855020
2090934412
2090872864
2090797378
2089898781
2089885425
2089880962
2089816434
2089739435
2089745319
2089679043
2088922932
2088839375
2088832742
2088762264
2088677626
2088683749
2088608303
2088604328
2087950969
2087867177
2087252831
2087491283
2085914436
2085356993
2085356004
2085354966
2085354472
2092080210
2092007889
2092017422
2092017055
2091995572
2091994907
2091993879
2091935281
2091932469
2091037673
2091034478
2091012021
2090939656
2090942457
2090868149
2090883766
2090799276
2090774592
2090739272
2090722179
2090632393
2090589667
2090576632
2090573962
2089734017
2089720274
2089656082
2089660393
2089542631
2089298765
2089304556
2089281253
2089158274
2089155742
2089163838
2089151351
2089079531
2089065522
2089060961
2089080272
2088281502
2088281038
2088300415
2088299885
2088119434
2088118899
2087791758
2087737942
2087488264
2087486026
2087504695
2087482950
2087500260
2087276478
2087270297
2087072651
2086979474
2086919199
2086889779
2086823325
2086820052
2086567947
2086576758
2086566151
2086585439
2086468804
2086466623
2086443402
2086159457
2086063300
2086005029
2085479850
2085368997
2085377847
2085375439
2085354888
2085364273
2085353081
2085361795
2085350026
2085308191
2085295397
2085300238
2085235468
2085230392
2091835659
2091841081
2091327878
2091324288
2091129597
2091117081
2091012637
2091010506
2090052691
2090061268
2090070398
2089979463
2089967453
2089976478
2089984877
2089971643
2089889670
2089894893
2089891262
2089668663
2089529976
2088986602
2088984444
2088971581
2088903965
2088829375
2088296145
2088284813
2088114429
2088102009
2087661473
2087589421
2087587798
2087566228
2087495341
2087493643
2087491144
2087252085
2087058661
2086572959
2086571329
2086462153
2085494599
2085490770
2085361152
2085359912
2085295909
2085293135
2092003901
2091992641
2091990976
2091928872
2091762070
2090884234
2089818265
2089802217
2089726412
2088997949
2088996676
2088681877
2088617192
2088612540
2088116821
2087503063
2086748280
2086458240
2086445525
2086452529
2086158432
2086132884
2091847266
2091842727
2091683599
2091302861
2091109592
2091127089
2090577108
2090473412
2090419641
2090414562
2090411391
2089675877
2089670883
2089525640
2088913715
2088845595
2088841913
2088777324
2088674060
2088605229
2088611602
2088559093
2087819504
2087815643
2087659072
2087655471
2087653514
2087579333
2087577245
2087565376
2087564076
2087583064
2087572213
2086980116
2086836228
2086821846
2086767976
2086744016
2086751243
2086667337
2086655881
2086669736
2085502233
2085491184
2085369273
2085368147
2092080144
2091998995
2091680601
2091615173
2091125324
2091113027
2091101438
2091100282
2091039694
2090639278
2090563597
2090497326
2090473651
2090418841
2090425125
2089071672
2088999682
2088690780
2088603680
2088535738
2088532414
2088550308
2088307517
2088304687
2088303080
2088301710
2088300443
2088119711
2087582160
2087497775
2087496842
2086816354
2086751171
2086668248
2086676757
2086654484
2086673129
2086651932
2086569718
2086588642
2086587096
2086576469
2086585530
2085804217
2085488591
2085505034
2085503268
2085490957
2085377799
2091312101
2090789585
2090771784
2090737807
2090411218
2089883587
2089828693
2089802374
2089542132
2088924564
2088848355
2088767115
2088029172
2088023913
2087254826
2087069138
2085238148
2085234119
2085161379
2085085500
2085048950
2091322304
2091109547
2090732581
2090646179
2090485095
2090490696
2089827975
2087798866
2087792060
2086005108
2086000178
2091926151
2089720138
2089520497
2089285746
2089159240
2088836145
2086992217
2086907858
2086893103
2086131821
2092019246
2091931003
2091329266
2091128200
2090880163
2090794902
2090498392
2090434280
2090421196
2089811102
2089548166
2089524522
2089296593
2089148903
2089153365
2089063426
2088829839
2088776229
2088772309
2088697161
2088559147
2088534600
2088284956
2088293749
2088292942
2088302041
2087940875
2087866032
2087719380
2087722340
2086986663
2086992411
2086838300
2086813296
2086810906
2086747904
2086754530
2086679569
2086654991
2086651065
2091916103
2086766673
2086582743
2086458933
2085307165
2085303614
2085259309
2085048949
2085039739
2084976516
2091778099
2091762856
2091628166
2091549979
2091128401
2091123060
2091101928
2090860647
2090719572
2090635681
2089531045
2088758120
2088610112
2088546900
2087867366
2087871624
2087805863
2086994252
2086758759
2086054748
2085986350
2085160740
2085041479
2090631940
2090587777
2090583040
2090487931
2090481546
2090427064
2089902747
2089818253
2089822910
2091834034
2091778667
2091764312
2091309145
2091315891
2090798357
2090772518
2090735783
2090583250
2090486971
2090494250
2089902958
2089816572
2088902915
2088847790
2088822951
2088764942
2088297390
2088090615
2088027929
2088013333
2087967633
2087963290
2087791312
2087737516
2087733965
2087057113
2087052650
2086976645
2086981486
2086453856
2086460627
2086144654
2086140776
2086045925
2085988224
2085809128
2085166198
2085140816
2085105790
2085089744
2085034648
2084979674
2092009484
2092018660
2092008011
2092007455
2092016792
2091928760
2091934604
2091921810
2091852451
2091027157
2090788687
2090635002
2090630150
2090586933
2090582256
2090437018
2090422630
2089981983
2089548383
2089060867
2089060285
2088834651
2088759379
2088015969
2087737225
2087508779
2087488184
2087507521
2087497051
2087486390
2087495630
2087494524
2087502977
2087480672
2087277975
2087263084
2087079185
2086919569
2092080178
2092018240
2092017486
2092016791
2092006428
2092005985
2092005557
2090643114
2090577719
2090572928
2090559853
2090475494
2090491307
2090437013
2090413727
2090050488
2089962835
2089971115
2087572067
2087497196
2086587658
2086586889
2086458973
2086446040
2086463064
2086148994
2086155135
2086130537
2091930302
2091830010
2091756143
2091603877
2091547037
2091306215
2091030420
2090784637
2090572904
2090569808
2090496436
2090492176
2090427867
2090435235
2090431379
2089307121
2089303923
2089157880
2089152729
2088919202
2088102226
2088109784
2088016194
2088013049
2087865304
2087809723
2087723398
2087731183
2087648159
2087654384
2087479776
2087277054
2087254284
2086901615
2086826901
2086769298
2086756634
2086754505
2086752850
2086750388
2086668251
2086440352
2086155169
2086059486
2086042589
2085987814
2085805863
2085823763
2085821475
2085809737
2085487234
2085313010
2085258338
2085106208
2085049331
2085044912
2085040115
2091626053
2091611685
2090939664
2090955871
2090940333
2090885415
2090880319
2090773664
2090566047
2090562284
2090476439
2090438646
2089899868
2089814006
2089742753
2089653114
2089538402
2088834861
2088695497
2088626069
2088549093
2088022849
2087059229
2086908573
2086910270
2086832193
2085246877
2085143181
2085045930
2085031919
2092008256
2091992882
2091936764
2091932777
2091761721
2090947147
2090931712
2090885768
2090722523
2089907976
2089290086
2088627353
2088614036
2087732034
2087070309
2086919051
2092090872
2092009098
2092007967
2091847531
2091850368
2090885147
2090860694
2090785149
2090421986
2089147045
2089151471
2089088360
2089085821
2089071789
2088758098
2088309242
2088286624
2088293354
2088301097
2088280726
2088034558
2088011209
2087947177
2087953080
2087579810
2087073825
2085486065
2085493529
2085358202
2085254555
2085241332
2085165804
2092080747
2091697309
2091535271
2090588796
2089828962
2089739152
2088928201
2088914259
2088839286
2088841217
2088753711
2088699081
2087956681
2087962420
2087725917
2087731182
2087651407
2086451036
2086068809
2086004167
2085892152
2085808802
2085297028
2085312188
2085252545
2085087874
2092007196
2088302245
2092009628
2091531094
2091307979
2091324110
2091301571
2091119036
2091126282
2091104004
2091102413
2091111474
2090862882
2090783902
2090739142
2090734658
2091918984
2090627406
2089882825
2089729046
2089733627
2089651983
2089525756
2087804385
2087718866
2087071217
2091680081
2091626747
2090478853
2090484589
2089976275
2089983615
2089884687
2089808630
2089822359
2089737501
2089657978
2089674179
2089529359
2089543709
2089299291
2089306408
2089165948
2088756785
2088752170
2088697297
2088693482
2088618933
2088625484
2088601111
2088536564
2088553141
2088540816
2087947198
2087807537
2087801700
2087658743
2085088847
2085103213
2085027688
2091772009
2091693552
2091680320
2089965909
2089973513
2089724022
2089290951
2088998532
2088977536
2088765033
2088671188
2088618183
2088614148
2088600372
2087807614
2087068351
2086980268
2086913849
2086583185
2086570964
2086469215
2086446993
2086444379
2085497029
2085308213
2084968553
2092008832
2091997922
2092007207
2091841912
2088532363
2088530127
2088307839
2087862938
2087817000
2087647359
2086984229
2086990285
2085087765
2091935117
2087867141
2092013363
2091991524
2091928073
2091912911
2091851130
2091752150
2091697659
2091035823
2091020318
2090947337
2090954250
2090930219
2090798613
2090737292
2090722113
2089963372
2089960234
2088996232
2088981599
2088924972
2088829498
2088769428
2088751471
2088117820
2088096408
2088094723
2088103174
2087812866
2087728752
2087735355
2087506920
2087486003
2087484006
2087268762
2087255906
2087253093
2086583501
2086582120
2086569836
2086457805
2085319405
2085301384
2085248124
2092001788
2091990187
2091937408
2091915000
2091836500
2091841599
2091686889
2091025990
2090959232
2090955958
2090950228
2090875020
2088844901
2088023371
2088009964
2091995176
2092003850
2092011913
2091939328
2091926970
2091929830
2089976032
2089800524
2089725145
2089740663
2089547885
2088996493
2088983613
2087655950
2087505067
2091856136
2091612490
2091035946
2091023409
2091020059
2090947056
2090954299
2090866592
2090573467
2089722479
2089662835
2089521634
2089296986
2089294587
2089157622
2089059983
2088977877
2088997005
2088975505
2088974036
2088981501
2088970259
2088624632
2088621371
2087644197
2087074074
2086988610
2086974313
2086908048
2086822412
2086766269
2091849186
2091758035
2091774983
2091550945
2090578670
2090574563
2089885889
2089826943
2089813365
2089655462
2089534995
2088673686
2088607173
2088614555
2088559048
2088546497
2088030673
2087956013
2087879122
2087884883
2087808147
2087813957
2087810062
2086756086
2086743604
2085897394
2085913474
2085890066
2085816095
2085802864
2085499001
2085300427
2091918745
2091926665
2091932891
2091852095
2090946836
2090943323
2090949892
2090880546
2090784949
2089964909
2089981568
2089905834
2089902538
2089806747
2089820819
2088915196
2088834702
2088758638
2088101824
2088022809
2087508483
2087487491
2087506194
2087279411
2087255738
2086971986
2086587830
2086586483
2086585873
2086582731
2086561759
2085298456
2085295881
2085234379
2085098169
2090418786
2090414697
2089818156
2089651873
2089306904
2089283476
2089145968
2089143375
2089150895
2089079682
2086977282
2086971025
2091989825
2091936892
2091037866
2091033373
2090955228
2090941680
2089963518
2089898158
2089737909
2091751271
2089970550
2089897559
2089882949
2089291893
2088689054
2088118279
2087274168
2087066500
2086974705
2086458523
2086155374
2092100855
2091921297
2091857321
2091776559
2091693083
2091607710
2091604339
2090945585
2090794233
2090727598
2090626356
2090480132
2090422401
2089747218
2089528886
2087969353
2087954245
2087872539
2087714376
2087711629
2087660278
2087588508
2087575556
2087560893
2087063796
2086979362
2086983148
2086816305
2091938710
2091924753
2091756882
2090955241
2090951950
2090886902
2089981328
2089815702
2089678098
2089522529
2088974006
2088903309
2088827992
2088111138
2088036445
2088020427
2087955863
2087960316
2085909180
2085814034
2085291885
2085144052
2085032430
2090784699
2090719253
2089983458
2089154377
2088843015
2088778325
2088531009
2087648898
2087569509
2087578116
2086983106
2086666310
2085371884
2085294598
2085311369
2085043901
2089897223
2088022267
2087945350
2087886063
2085104030
2092092638
2091937797
2091909772
2091844419
2091851104
2091767089
2091759881
2091694348
2091037197
2090738320
2090714681
2090730807
2090630825
2090567467
2090584882
2090571942
2090489323
2090485666
2089968732
2089965238
2089974069
2089981462
2089083978
2089061324
2089080730
2088988759
2088997801
2088976502
2088985175
2088973263
2088918391
2088845498
2088831629
2088534138
2088016757
2088010225
2087738876
2087735508
2087722143
2087668439
2087645199
2087652376
2087589672
2087567999
2087576456
2087575086
2087560793
2087579861
2087508836
2086583183
2086572038
2086569891
2086447631
2086444863
2086451185
2086132825
2086067561
2091856668
2091755687
2090955946
2088985419
2088982642
2088919618
2088910268
2088035833
2088032137
2091626541
2091531141
2090946697
2090933246
2090869542
2090722446
2090646341
2089828541
2089820063
2089742627
2089658541
2089663400
2089527095
2089291903
2089148258
2089155705
2089142434
2088842817
2088698816
2088613952
2088620482
2087861779
2087801932
2087718430
2087723764
2087719852
2086970781
2086896122
2086902439
2086817952
2086813870
2086746825
2086753473
2086004423
2085919123
2085913712
2085806853
2085814772
2085105424
2085081338
2085025522
2085040144
2091921114
2091621782
2091546611
2091023382
2091020212
2090887812
2090883707
2090778733
2090773840
2090738410
2090724460
2089963511
2089960965
2089888121
2089292147
2089168219
2088908363
2088914291
2088921294
2088683696
2088553933
2088541352
2088289505
2087958776
2087953892
2087736632
2087713670
2087710083
2085905804
2085890533
2089968506
2089977698
2089985848
2089964550
2089970965
2089894455
2089828870
2089813813
2091765039
2090863730
2090788029
2090782076
2090727008
2090641799
2090587422
2090573949
2090571113
2090482007
2090425582
2089980554
2089906405
2089731744
2089548037
2089535123
2089540331
2089295642
2089282462
2089149240
2089157104
2088605822
2087807174
2087719204
2087735204
2087721077
2087645995
2087502506
2087259516
2087271136
2086816216
2086667477
2086059233
2085998779
2085290224
2090495287
2087739157
2086911099
2086809785
2086764103
2091914622
2091910213
2091856075
2091021601
2090949298
2088296258
2087278134
2087254853
2087051853
2086987312
2086047633
2086061655
2085082911
2085048159
2091992217
2090738684
2090947701
2090861977
2090787141
2089886510
2089903092
2089817967
2088994689
2088295417
2088102930
2088012245
2087484187
2087492634
2087067439
2087062012
2085080027
2085034601
2085040709
2091855989
2091708183
2091692835
2091629437
2091605416
2091038402
2091017198
2091024107
2090878336
2090861040
2090783051
2089977223
2089983698
2089980999
2089907254
2089892599
2089807352
2089809763
2089744201
2089658071
2089540998
2089291877
2089149012
2088993925
2088909593
2088757385
2088772874
2088687477
2088617313
2088623139
2088558914
2088102341
2088110696
2088017134
2087959373
2087945413
2087887445
2087863394
2087818416
2087804316
2087790545
2087644545
2087641956
2087579721
2087567774
2087576231
2087256175
2087074192
2086999098
2086993952
2086979917
2086065850
2086051518
2085994411
2085917140
2085819599
2085814510
2085802129
2085489586
2091853492
2091770774
2091109748
2091037423
2091016135
2090070539
2089969605
2089988973
2088998789
2088980341
2088301121
2087579836
2087488769
2087480746
2085364248
2085352494
2091912253
2091858348
2091777120
2091555070
2091314280
2091011200
2090865387
2090787454
2090783153
2090570908
2090493928
2089961471
2089808039
2089802003
2089303322
2089280159
2089166134
2088975641
2088984402
2088982996
2088979834
2087950090
2087884370
2087860073
2087806572
2087710234
2087647059
2087663934
2087058354
2087053738
2086998741
2086993867
2086909978
2085317278
2085106113
2085036660
2085021590
2084966839
2092009762
2091917327
2091849615
2091831424
2089894648
2088971876
2088905106
2088910267
2088096619
2088092573
2088110028
2088036322
2087494388
2087480978
2087273533
2086579882
2086447095
2085373024
2085370529
2085303345
2085244905
2085156417
2091933208
2091857830
2091120894
2091013313
2089984436
2089982377
2089895731
2089544800
2089530961
2089295023
2089292320
2088973935
2088627665
2088624345
2088546970
2088551468
2088092956
2087495938
2086904647
2086818267
2086824367
2086463620
2085816308
2091846290
2091769702
2090944724
2090941151
2090884954
2090788666
2090792098
2090647649
2090641510
2090567165
2089895518
2089829592
2089738132
2089723767
2089668959
2089652900
2088969886
2088927095
2088903185
2088848485
2088839774
2088765289
2088110007
2085294799
2085250489
2085155661
2088109077
2088098604
2088107490
2088116707
2086139929
2085290833
2090639335
2088751538
2087263504
2087260981
2086003914
2085142125
2085085398
2085047472
2092004199
2091993159
2091848130
2091834179
2091829742
2091756513
2091763188
2091689468
2091685397
2091682043
2090566595
2091034238
2091012434
2091020161
2090620418
2090576299
2090563002
2090487629
2090494395
2090490698
2090436364
2089973466
2089971247
2089898245
2089881185
2089806885
2089812454
2089726830
2088925931
2088828587
2088844186
2088830391
2088015546
2088011315
2087804480
2087799847
2087277720
2087253156
2087059726
2087055169
2086988394
2086908338
2086893509
2086463502
2086460683
2086146667
2086132431
2086057066
2086060841
2085299957
2085255389
2085251067
2085165365
2085082446
2085036418
2085042432
2084978238
2092094551
2092092770
2092101418
2092090439
2091832305
2091757282
2091763069
2091708710
2091327630
2091313666
2091118592
2091126392
2091104921
2090879174
2090475751
2090470419
2090425524
2089803408
2088683400
2088617452
2088623135
2088559703
2087888506
2087883170
2086890734
2086834289
2086767412
2085082291
2091914009
2089960940
2089898285
2089902613
2089167402
2088993659
2088904870
2088836197
2088823306
2088552387
2088115427
2088103440
2088101475
2088019276
2088027357
2088033372
2085103377
2085047480
2085041854
2091690584
2091627330
2091543727
2090645382
2090631182
2090566805
2090562769
2090489374
2090495866
2089986577
2089984887
2089983599
2089962120
2089969840
2089885798
2089902576
2089807389
2089812130
2088612650
2088024751
2087948383
2087944679
2087889305
2087883169
2087808379
2087794389
2087790003
2087736551
2087733546
2087263322
2087059696
2087064749
2086987065
2086981806
2086917670
2086914446
2086910265
2086825340
2086811121
2086452032
2086157903
2086144589
2086064876
2091021587
2090956758
2090931991
2090775906
2090780438
2090713849
2090427554
2089304428
2088615607
2088537120
2088543576
2087804886
2087810736
2087712913
2087642251
2087563887
2086815270
2086809762
2086740276
2086658539
2085911191
2085816546
2085150887
2085101614
2085025228
2084979293
2091546821
2090883541
2090788126
2090780507
2090716829
2090634798
2090588621
2089740554
2089655136
2089660327
2089534427
2087799976
2086907228
2086838719
2085998062
2085992621
2085911834
2085355270
2085032976
2092093546
2091991878
2092000676
2090495860
2090434765
2088547654
2088545077
2088093949
2088031607
2087956936
2087950446
2087789809
2087732964
2087485818
2087484655
2086467084
2086444492
2086157782
2086000353
2085915069
2085901194
2085805875
2085813339
2092092700
2091932515
2091690241
2091625643
2091610009
2091544748
2090428705
2090052733
2089549408
2089084681
2088619353
2088625506
2088549465
2088556731
2088544631
2088541811
2087586905
2087264816
2087064503
2087049964
2086904239
2086890737
2086822112
2086747241
2086754470
2086740719
2086667458
2086578630
2086450249
2086136271
2086151864
2086058498
2085982322
2085906408
2085911508
2085808121
2085499679
2085496376
2085484589
2085502767
2085500906
2085311515
2085258862
2085234644
2091993167
2091930765
2091757280
2091753454
2091010942
2090861218
2089960092
2089896400
2089891138
2088974963
2088990229
2088907117
2088919824
2088842344
2088767240
2088750614
2088673321
2088091133
2088038842
2088013528
2087956957
2087963432
2087888458
2087863344
2087647301
2087641027
2086916703
2086912706
2086818062
2086825249
2086755055
2086761949
2086583667
2086562735
2086448986
2086452988
2086150778
2085371423
2085309466
2085306408
2091921134
2091771217
2091707126
2091026689
2090779767
2090734480
2090638707
2090623670
2089959766
2088991576
2088917925
2088902039
2088828398
2087862527
2087798300
2087739143
2087715796
2087712327
2087643695
2087257826
2086973739
2086917665
2086893418
2086758653
2086765274
2086561063
2086140578
2085903114
2085799972
2085506834
2085494278
2085502850
2085158450
2085084333
2085046489
2091609918
2091533240
2091031363
2090938018
2090955065
2090889155
2090564605
2090570104
2089729837
2089674086
2088981716
2088909659
2087797916
2087813381
2087739327
2087645649
2087641209
2087579218
2087571026
2087260598
2086996337
2086761833
2092091739
2091020970
2090958462
2090940280
2090866545
2089727986
2089732934
2089667841
2089281040
2089168103
2089144665
2089161634
2089069198
2089087676
2089075612
2089063761
2088838579
2088843894
2088531343
2088308996
2088287950
2088306274
2088285065
2086673700
2086651973
2086649954
2086151529
2086044810
2086006211
2085488647
2085486546
2085504684
2085481993
2085480364
2084977864
2091856900
2091559484
2091555214
2091531769
2090932290
2090888431
2090862192
2090777810
2090781844
2090649230
2090624928
2090630387
2090587176
2090489525
2089066687
2088307303
2088284740
2088303412
2086671774
2085102954
2085027667
2085022297
2092018285
2091995688
2091758002
2089989597
2089979106
2089987257
2089985035
2088009767
2087961544
2086896531
2085357571
2085352707
2085351768
2085350531
2085297594
2085310341
2085230106
2091753867
2090574538
2089807989
2089726470
2089523857
2088750827
2087968071
2087951735
2086455872
2086460527
2085899016
2085827244
2092103483
2091759064
2088828340
2088843475
2088776675
2088675106
2088680962
2088626840
2088601880
2088550196
2088308290
2088296464
2088285086
2088037810
2088033897
2087969254
2087943523
2087877055
2087266903
2087271482
2087057084
2087051381
2086986666
2086971506
2086895287
2086890458
2086834776
2086445082
2086442115
2086149386
2086155078
2086149811
2086043771
2085508790
2085485558
2085503440
2085491678
2085480286
2091931039
2091858191
2091842299
2091777813
2088779676
2088756162
2088760269
2088685422
2088670409
2088601683
2089653372
2089538725
2089520601
2089286505
2089284114
2089159238
2089156683
2088556836
2088534221
2088541430
2092094816
2092093137
2092081242
2092100066
2092017293
2091996659
2091990519
2090645799
2090631784
2090563687
2090489439
2090476446
2090482652
2090422411
2090052738
2090061754
2090050560
2090049975
2089989377
2089979024
2089977510
2089526973
2089532872
2089309236
2089158635
2089151152
2089078943
2089072406
2089061115
2089080424
2088999399
2088998093
2088973853
2088970965
2088917618
2088600020
2088533113
2088308424
2088296605
2088302250
2088280982
2088299740
2087661118
2087562900
2087571862
2087570249
2087509165
2087498087
2087507269
2087486225
2087502444
2087254421
2087250240
2086989662
2086669316
2086667083
2086675085
2086663203
2086670701
2086579230
2086588054
2086567314
2086582795
2086468990
2085914714
2085891124
2085817212
2085814340
2085802390
2085810501
2085497844
2085495784
2085493725
2085482213
2085490834
2085379668
2085368603
2085377059
2085376534
2085355728
2085374889
2085354040
2085363054
2085362014
2085351124
2085359984
2085297994
2085315688
2085237021
2085252541
2091839368
2091329094
2091323522
2090475910
2090493054
2088625361
2087732778
2087249735
2086911120
2086833249
2086830335
2086576540
2086575692
2086584976
2086571909
2085982782
2085905724
2085811717
2084977079
2092080407
2091999457
2091544503
2091541628
2091106907
2091104535
2091606123
2091312843
2091300335
2091118202
2091120272
2091029593
2091028955
2090788309
2090773398
2090717904
2090722311
2090072743
2090071619
2088689451
2088675414
2088612633
2088559715
2088535784
2088552091
2088299620
2088287158
2088285530
2088304376
2088283127
2087669586
2086811906
2086763748
2086740283
2086658309
2092099940
2091697137
2091691385
2091628595
2091615248
2091545640
2091552718
2091325049
2091322199
2091109606
2090876819
2090634819
2090481508
2090430914
2089657271
2089527105
2089308344
2089302403
2089158881
2089156607
2089150685
2089078469
2089075182
2088840311
2088766275
2088750119
2088693315
2088601749
2088529759
2088284407
2087876270
2087871603
2087816526
2087657481
2087644003
2087640161
2087575833
2087055610
2086765898
2086753252
2086750084
2086678475
2086663997
2086651470
2085913074
2085819414
2085805529
2085499616
2085497085
2085484817
2085493713
2085491871
2085490753
2085379716
2085091313
2085025862
2091762864
2091708040
2091693715
2091120168
2091029578
2090957318
2090648053
2090643289
2090582317
2090499021
2089977109
2089908188
2089900785
2089747182
2089741262
2089657133
2089547797
2089533073
2089301524
2088923410
2088846895
2088833141
2088754101
2088759743
2088676230
2088682162
2088617904
2088025026
2088030260
2087960417
2087805977
2087735885
2087732589
2087253276
2087250447
2087055787
2087061681
2086995508
2086918788
2086902657
2086825126
2086062840
2085997728
2085992287
2085098540
2092095564
2092011933
2092000765
2091918465
2091914574
2091911451
2091835408
2088600486
2088114391
2088102149
2088090171
2088038213
2092105818
2092084135
2091765641
2091761545
2091688930
2091705927
2091532436
2091318212
2091021333
2090938711
2090945006
2090952554
2092104737
2091543007
2091310581
2090769778
2090710512
2090631046
2089803364
2089287523
2089293536
2089089057
2088286065
2087950745
2087861144
2087667908
2087645345
2087662407
2086678558
2084967899
2092104207
2092102361
2092101081
2090884628
2090799095
2089307098
2089066293
2089064589
2089073628
2086978673
2086984080
2086918509
2086914305
2086891047
2086134022
2086058766
2085823910
2085820576
2085488667
2092015828
2092005270
2091994591
2091993896
2091992864
2092000435
2091927608
2091935047
2091931854
2091848540
2090948747
2090945463
2088919646
2088917391
2088924753
2088921174
2086565264
2086584257
2086562893
2086561199
2086459075
2092013986
2092012619
2091990533
2091926841
2091757946
2091626763
2091603302
2091021401
2090939023
2090944840
2090869357
2090497400
2090483192
2089974048
2089982095
2089887880
2089529176
2089536289
2089519875
2088998144
2088987127
2088995629
2088097749
2088116586
2088105344
2087496615
2087485653
2087494123
2087492995
2087491133
2087268616
2086584341
2086572652
2086571239
2086449658
2086447575
2086453853
2086146809
2085999845
2085905658
2085890220
2085826686
2092102021
2087791439
2086142123
2086041039
2085896517
2085085653
2085044564
2092086389
2091843817
2091769517
2091539343
2090942272
2090717446
2090731733
2090634416
2090560029
2089901989
2089807499
2089733265
2089529650
2089544536
2089306876
2089162991
2089150800
2089078695
2088984240
2088922260
2088620557
2088541928
2088550172
2088287469
2088294105
2087866551
2087860257
2087794469
2087719157
2087663228
2087641471
2087589487
2087587483
2087585302
2087274995
2087262974
2087078314
2086908899
2086894062
2086829050
2086748310
2086765854
2086761756
2086669686
2086446033
2086049685
2085297434
2085304097
2085300560
2085247276
2092102210
2090072460
2088978675
2088987829
2088976058
2088974487
2088915999
2088912301
2088846547
2088290107
2088114095
2087959393
2087966586
2087584441
2087563635
2087561901
2087560813
2087580171
2087509543
2087496799
2087265226
2087066788
2087072385
2086994087
2086574877
2086569788
2086441506
2086157422
2086152130
2086058337
2086042372
2085917540
2084971321
2084925990
2084848971
2084824866
2084830822
2084766212
2084772031
2084697810
2084715460
2084691777
2084699752
2084378410
2084387432
2084386729
2084385372
2084384296
2084381391
2084390074
2083797784
2083739044
2083745405
2083730033
2083675407
2083651973
2083418936
2083416182
2083412616
2083431424
2083439914
2083248829
2083237958
2083226973
2083245591
2083243096
2083231456
2083167714
2083143171
2083098087
2083006995
2082937399
2082952038
2082886187
2082872351
2082817031
2081941560
2081906728
2081891566
2081817184
2081813604
2081810889
2081748123
2081735553
2081742199
2081730401
2081032244
2080907616
2080904343
2080659555
2080656913
2080663018
2080548113
2080534312
2080541131
2080478803
2080476676
2080172244
2080087979
2080082193
2079848934
2079845390
2079842567
2079830081
2079597182
2079219004
2079212013
2079085989
2079071896
2073356861
2079020679
2078986220
2078646138
2078581888
2078465284
2078369964
2078205053
2078018946
2077998100
2077962705
2077907314
2077876151
2077846576
2077827353
2077800363
2077737485
2076890424
2076709412
2076633510
2076575143
2076535926
2076495219
2076455225
2076407896
2076373620
2076358192
2076322125
2075247958
2075208560
2075180774
2075163102
2075150289
2075098131
2075109832
2075080139
2075042541
2075033985
2074400297
2074352178
2074321408
2074270456
2074240386
2074210925
2074190294
2074130881
2074099943
2074014026
2073567492
2073332846
2073329818
2073284315
2073281231
2073226184
2073213622
2073211025
2073129332
2073136540
2073144806
2073123814
2072719858
2072536170
2063817409
2063794873
2063778926
2063772605
2063744942
2063715550
2062740627
2062717823
2062707256
2062697236
2062692474
2062669998
2062627668
2062607794
2062555984
2062508519
2062449083
2062420512
2062357637
2061767260
2061754331
2061746894
2061743751
2061731365
2061716480
2061698022
2061704994
2061709850
2061686480
2061675456
2061658332
2061654140
2061634500
2061607171
2061596189
2061564765
2061527038
2059245686
2059240767
2059216539
2059189430
2059177126
2059107182
2059076738
2058782585
2058738741
2058750149
2058716456
2058703547
2058678418
2058374997
2058325094
2058271636
2058198447
2058152775
2057901192
2057871942
2057690482
2057647453
2057626361
2057606270
2057319375
2057288302
2057195582
2057117436
2057093231
2056954230
2056893820
2056756992
2056716395
2056684971
2056648866
2056642125
2056614124
2056576604
2056570296
2056555333
2056539204
2055785524
2055708120
2055628710
2055631337
2055595121
2055525007
2055479424
2055458184
2055471743
2054891374
2054855158
2054819505
2054810955
2054784278
2054774262
2054770135
2054762792
2054719348
2053778021
2053762613
2053729669
2053708762
2053719794
2053701064
2053648887
2052828266
2052786953
2052771022
2052749827
2052698224
2052683383
2052659167
2052654209
2052092296
2051995293
2051860326
2051753077
2051708109
2051677939
2051649236
2051633295
2051602361
2051586946
2051582795
2051564416
2051553819
2051541603
2051009928
2050854375
2050810422
2050770436
2050700866
2050569482
2050563185
2050559975
2050505839
2050482759
2050459305
2050474076
2049941090
2049912598
2049885350
2049864866
2049837647
2049825194
2049814826
2049810031
2049537199
2049517131
2049423489
2049331887
2049282295
2049229853
2049183133
2049157121
2047712761
2047687768
2047668405
2047669845
2047637097
2047615729
2047568449
2046619919
2046592773
2046570343
2046542703
2045448448
2045440944
2045403052
2045393165
2045344308
2045310560
2045254060
2044410953
2044404522
2044367392
2044339628
2044321197
2044256166
2040496933
2040504324
2040488931
2040478271
2040460929
2040451383
2040417280
2040389586
2040366930
2039438645
2039392265
2039352513
2038567667
2038548918
2038514917
2038488386
2038467813
2038447434
2038404993
2037845583
2037829782
2037782932
2037691854
2037572570
2037408799
2036823189
2036805652
2036802070
2036793813
2036767458
2036760760
2036718704
2031576828
2031563170
2031533771
2031491381
2030848604
2030796080
2030773781
2030726032
2030676682
2030605973
2030571731
2030550642
2024757371
2024657003
2024640337
2024543628
2024481557
2023812840
2023775414
2023739789
2023678145
2022699375
2022686794
2022536275
2021693508
2021664906
2021627322
2020609487
2020590338
2020538210
2020516550
2020468027
2019620915
2019583120
2019564151
2019475881
2019438010
2019411148
2018511858
2018308450
2017452773
2017405269
2017377178
2005039236
2092005076
2092004428
2092013259
2092012351
2089889277
2089904775
2089890318
2088026336
2087866073
2087881091
2087817265
2087507600
2087497009
2087486090
2087483913
2087502681
2087480443
2086468861
2086456683
2086462462
2086149727
2086154235
2086058796
2085364121
2085363291
2085352633
2092240753
2092147876
2091992140
2091686218
2091020456
2090937766
2090953991
2090873151
2090787727
2089904737
2089880183
2089825762
2087944312
2087869609
2087865072
2087798545
2087056431
2086896205
2086440103
2086134988
2085246084
2085037107
2085042459
2091702924
2089965008
2089982141
2089746248
2089289357
2089285506
2089303208
2089168116
2092109640
2092097267
2092083480
2092100270
2091926866
2091553551
2090886348
2090771073
2090714490
2090720905
2090636437
2090640263
2090573488
2092150735
2092109026
2089169194
2088533439
2088289063
2085368946
2085242686
2085166820
2085152575
2092097168
2091708541
2091312666
2090582760
2089649895
2089302932
2088307633
2088109278
2088118659
2088098146
2088107350
2088095770
2087505463
2085247403
2085105093
2091606627
2091600574
2091546813
2090939932
2090883575
2090798331
2090725596
2090630599
2090575231
2090570865
2089804691
2089748575
2089742190
2089678850
2089664612
2089546438
2092250805
2092168469
2092145176
2092142764
2092087587
2092105903
2092083807
2092167373
2092144145
2092088271
2091705071
2091692209
2091916692
2091914600
2092651524
2092413106
2092409757
2092235491
2091998822
2091624896
2090729476
2090735016
2090050126
2089890658
2089535273
2089309163
2088925467
2088682946
2088626900
2088611963
2088096166
2088103807
2088013031
2087963296
2087730286
2087256400
2086985236
2086837862
2086566916
2086565763
2086581106
2086456553
2086144399
2086066080
2086003611
2085909119
2085904064
2085910731
2088774708
2090867702
2090860586
2089966425
2089658201
2087270415
2087053529
2086979145
2086462996
2086459900
2086145214
2086056551
2084977654
2091690633
2088978954
2088029653
2087866903
2086562598
2086447445
2086444485
2086450699
2086137552
2086131397
2086065313
2085109337
2085082490
2085037308
2092407674
2092250240
2092161479
2092098106
2092106161
2092083605
2091760151
2091706065
2089142875
2089150584
2088696121
2088628462
2088604417
2088279752
2088114808
2087815420
2087480376
2086652682
2086651174
2086650356
2086137402
2086152372
2085991605
2085818598
2085366203
2085141125
2085029972
2092675946
2085895307
2092673588
2092407147
2092259340
2092255075
2092251637
2091759490
2088698301
2086919563
2086447172
2092420724
2092235948
2092252339
2092147721
2092253500
2092169001
2092141890
2092097849
2091854658
2091704425
2091690621
2090881658
2090785889
2090771337
2090620551
2090586092
2089748169
2089733614
2089676542
2088754235
2087865834
2087880564
2085819923
2085507411
2092661722
2092427088
2092257727
2092254901
2092231502
2092146310
2092153630
2091310946
2089065342
2088284986
2088010570
2086059363
2086055320
2085483064
2091602479
2091549767
2091315988
2090635157
2090483682
2090470254
2090427244
2090432196
2089746035
2089721122
2089663448
2089528641
2089521712
2089307874
2089295494
2089281237
2089159178
2089088467
2087794426
2092673572
2092427037
2092399777
2092247167
2092241023
2092147720
2092144787
2091936736
2090738613
2090723546
2090709908
2090052247
2090050990
2090070026
2089979432
2089988759
2089987609
2089976547
2089974946
2089972840
2089889367
2089895879
2089879882
2089655274
2089661058
2089526799
2089523703
2089298169
2088997684
2088985088
2088980461
2088291932
2088301067
2088290565
2088109040
2088096467
2088094909
2088092676
2088111421
2088038114
2088035283
2088020828
2087966020
2087960365
2087875868
2087507219
2087504987
2087503259
2087481927
2087490610
2087278483
2087274823
2087261724
2087067906
2087072197
2086574638
2086573846
2086572618
2086468332
2086445134
2086441233
2086147340
2086133747
2085904232
2085890095
2085827676
2085824581
2085801394
2085358564
2085376215
2085375609
2085375057
2085374323
2085353424
2085372076
2085361160
2085308812
2085305132
2085291943
2085258184
2085243964
2085041101
2092669236
2092258378
2092168427
2092165339
2091323193
2091108107
2088975179
2088973561
2088981306
2088929163
2088905584
2088921506
2088826442
2088831939
2088686426
2088693132
2088027315
2087814966
2087713332
2087655920
2087503426
2087502146
2087259515
2087050961
2086914411
2086900437
2086762081
2086679548
2086560196
2086457878
2086041352
2085987239
2085904707
2085901327
2085806737
2085813835
2085811553
2085820023
2085296663
2085314837
2085302354
2085168370
2085154655
2085028046
2085030686
2089886881
2089900917
2089817230
2089811220
2088986495
2088984999
2088982998
2088536610
2088544430
2088096540
2088094494
2088112662
2088100049
2088037168
2087503837
2087502220
2087500181
2086757858
2086754891
2086659352
2086665976
2086674263
2086672965
2086581228
2085372225
2085361071
2085309451
2092720319
2092230718
2092012428
2092000872
2091937023
2091934161
2091848376
2091834564
2091850769
2091757332
2091754181
2091688733
2091684972
2091623179
2091610583
2091031920
2090939272
2090943486
2090889683
2090865841
2090861096
2089546635
2088691037
2088622528
2088559269
2088553896
2088541684
2088549782
2087887115
2087799570
2087805298
2087792110
2087667371
2087663170
2087640623
2087578777
2087265362
2086978917
2086053531
2085996543
2085990936
2092410055
2092245197
2092010229
2091927765
2091924614
2091839136
2091835348
2090439221
2089898977
2089892411
2088770359
2088676930
2088603493
2088549384
2086741480
2086589622
2086138983
2085910637
2085806906
2085803672
2085801654
2085505153
2092660516
2092425412
2092156697
2090621013
2089802264
2089662619
2089523637
2088683685
2088618582
2092146685
2091610238
2091312124
2090954994
2090940612
2090875920
2090498727
2088603179
2088549466
2088534694
2087710034
2087666590
2086047574
2086008585
2085992500
2090929907
2088986246
2088984378
2088982157
2088928613
2088923362
2088115047
2088092619
2088109948
2088026855
2087505356
2087484267
2087492196
2091929733
2091927070
2091033372
2089988742
2089988065
2089987216
2089725613
2088974380
2088972950
2088971254
2088927240
2088111988
2088109937
2088036904
2088024083
2087711898
2087646231
2087496971
2087496336
2087485271
2087484300
2087279403
2086751675
2086669589
2086570499
2086468625
2086464821
2085983868
2085908791
2085913194
2085899969
2085504685
2085362218
2085370974
2085319525
2085297010
2092657547
2092406653
2089894625
2089521230
2089155608
2088606412
2088602484
2088558854
2088543660
2087655644
2086911866
2086454458
2086451724
2086137772
2086153890
2086058709
2086009731
2086005862
2085810679
2092655107
2092419517
2092142345
2092106951
2092095497
2091859073
2091855384
2091766614
2091761255
2091697201
2091617922
2091624628
2091010866
2090947227
2090934111
2090885977
2090871853
2090479242
2090484704
2090491684
2090427381
2090433320
2089525392
2089521186
2089288439
2089284795
2089300934
2089158029
2089161496
2089089152
2089077867
2089086202
2089084117
2089082840
2089071912
2088605925
2088612956
2088559667
2088292653
2088291843
2087964473
2087877887
2087873624
2087798595
2087662598
2087640681
2086762200
2086659265
2086566554
2086051545
2085995435
2085990913
2085509072
2085497099
2092089927
2091937423
2091935238
2090646700
2090622778
2090589681
2090585149
2089885825
2089066636
2086571657
2086463506
2086139312
2086153962
2085312473
2085085692
2085028924
2092657578
2092018427
2091933063
2091681486
2091617328
2091027626
2091016430
2091024896
2091012802
2090958126
2090953987
2090720153
2090625759
2089968403
2089977250
2089966341
2089964535
2089982642
2089899257
2089882708
2089808524
2089812650
2089740411
2089675701
2089539662
2089300026
2088997430
2088986605
2088530005
2088302889
2088290686
2088038821
2088009844
2087965025
2087719295
2087726089
2087722312
2087648348
2087665292
2087495026
2087493557
2087481636
2087490026
2086821190
2086139462
2086133930
2086069098
2086043979
2085998274
2086002429
2085892328
2085814350
2085153178
2085086862
2085100766
2091855186
2090934718
2089725197
2088977352
2088983745
2088971256
2088927050
2088624417
2087481236
2087266362
2086822524
2085912518
2085808092
2085822155
2085081456
2085035187
2092743180
2091112099
2090779473
2089080626
2089060037
2088979495
2088916077
2088098799
2088098077
2088092421
2088039684
2087866537
2087799256
2087814171
2087724879
2087509081
2087507388
2087486502
2087505590
2087504622
2087483052
2087252444
2086915827
2086566955
2086586057
2086575346
2086584351
2086583729
2086582802
2086571653
2086570334
2086467956
2086445758
2086442480
2085356954
2085365438
2085354834
2085353376
2085317701
2085304987
2085083364
2084978128
2092722263
2091689749
2091327770
2091314506
2091108087
2089747916
2089732208
2089658009
2089662817
2089521358
2089298011
2089290859
2089158079
2089165482
2089140875
2089069328
2089077264
2089075661
2089084746
2089073810
2089062908
2088829473
2088845065
2088759312
2088775248
2088750517
2088676341
2088672603
2088628648
2088604441
2087871936
2087806891
2087812400
2087738812
2087560771
2086757099
2086750727
2086666546
2086674428
2086148668
2086069422
2085993036
2085085538
2085039449
2085023484
2084988078
2092678931
2092089747
2091845647
2090865134
2090798796
2089068118
2089086289
2088679630
2088684916
2088091033
2088017067
2088014160
2087069737
2086984039
2092732714
2092671038
2092427871
2092412601
2091921080
2091846496
2091851609
2091543489
2091329598
2091317029
2090492630
2088926154
2088921750
2088835606
2088822090
2088766916
2088753353
2085811871
2085809914
2085497642
2085485382
2085484017
2085502494
2092252217
2092156641
2092108993
2091104981
2090785334
2090718997
2090721930
2089159856
2089071479
2089080797
2087812846
2087713882
2087720282
2085895230
2085891334
2089299285
2089295829
2088540458
2085806643
2092250577
2089963066
2089652394
2087653181
2086055344
2086007134
2085905612
2085024836
2092744128
2092252267
2091694437
2091627891
2091614678
2091600522
2091547387
2091533548
2091321065
2091108264
2091123377
2090950255
2090885862
2090869878
2090792881
2088819817
2088774222
2092253934
2092250182
2090943332
2089985215
2089960434
2091025316
2090939417
2090956696
2090798121
2090783239
2089987421
2089982277
2089969951
2089907482
2089894188
2088985940
2088029766
2087726610
2087560026
2087489358
2087498648
2087507067
2087505089
2087503627
2087481742
2087057640
2087071697
2086975787
2086912957
2086563583
2086580903
2086458864
2086445129
2086136435
2085371028
2092145791
2091830794
2091775972
2090633217
2090572106
2089302497
2089157297
2088628362
2087811522
2087716783
2087721510
2087660660
2086994952
2086893498
2086830169
2086057214
2086042258
2086006400
2086002341
2085919381
2085895139
2085815490
2085822620
2085249776
2085088240
2085100056
2085035868
2085039777
2092235804
2091702024
2091607436
2091603887
2091611463
2091320042
2090625582
2090622407
2090568616
2090585475
2088839562
2087712181
2087586977
2087585559
2087060904
2085049658
2085023915
2092655459
2092670177
2092414720
2091779512
2091765815
2091751964
2091706049
2091614190
2091611150
2091537210
2091542687
2090625787
2090621345
2090578175
2089811245
2089735216
2089720058
2089654473
2089541887
2089308942
2089303941
