2077770691
2077728708
2077722183
2077681648
2077628742
2077624280
2077612273
2077589280
2077586152
2077576566
2077547303
2076129595
2076114699
2076090202
2075157679
2075133205
2074008395
2073959569
2073841961
2073805609
2073819979
2073784284
2073775544
2073742804
2073631476
2073559139
2073541992
2073466819
2078157124
2077190373
2077057511
2076949123
2076884258
2074663710
2073485049
2078447499
2078356916
2077333799
2077251981
2077145612
2077058585
2076892299
2076730032
2076646029
2074537983
2074496077
2074458121
2074432416
2073784944
2079012575
2078974931
2078961153
2078930103
2078900182
2078874454
2078857380
2077687003
2076252460
2076234322
2076223013
2075975321
2078228484
2076336858
2075468690
2075387020
2073572537
2073496321
2077956856
2077175301
2077106016
2076943068
2076831357
2076628277
2075391382
2075286574
2075238622
2075230169
2075169533
2075142677
2075115180
2075090145
2075072474
2079013446
2078959026
2078967610
2078960340
2078917643
2078908223
2078902847
2078888710
2078890442
2078871160
2078849185
2078861559
2078851903
2078817790
2078207342
2077616540
2077101150
2076706657
2076649596
2076620171
2076562286
2076499039
2076483326
2076415065
2076373848
2076327926
2076305982
2076227321
2076213814
2076208780
2076205641
2076201911
2076179022
2076174238
2076161921
2075074937
2075037799
2075015267
2074997714
2074967514
2074965225
2074981149
2074971112
2074144412
2074103751
2074041699
2074014698
2074000426
2073990691
2073927266
2073951746
2073887882
2075935577
2075873664
2075824095
2075801446
2075654849
2075476639
2075384167
2075295771
2075275279
2075188898
2075194131
2075153075
2075122826
2075111696
2075056920
2075048425
2074996263
2074992974
2074983793
2074963287
2074971682
2074954764
2074932483
2074914383
2074887628
2074879712
2074108078
2074007896
2074017576
2073996031
2073957875
2073903712
2073888523
2073878616
2073882742
2073880695
2073870982
2073855433
2073850429
2073818945
2073800907
2073758298
2073760496
2073734164
2073702716
2073683130
2078863015
2078853046
2078844042
2078832887
2078820195
2078758523
2078728448
2078685840
2078673319
2078426328
2078282603
2078119166
2078100005
2078028599
2078010012
2077597359
2077595300
2077586244
2077581093
2077566454
2077317587
2077219629
2076966359
2076808829
2076734549
2076653341
2076625792
2073903613
2073888823
2073869649
2073875698
2073872650
2073863576
2073852770
2078623816
2078497510
2078435601
2078150984
2078083889
2078014678
2077981117
2077923983
2077835777
2077784932
2076593464
2075843097
2075306780
2075106983
2074782196
2074727638
2074482577
2074442398
2074410343
2074353369
2074312415
2073672842
2073646280
2073601161
2073543425
2078868484
2078859050
2078859997
2078829724
2073874843
2073872504
2078781959
2078715861
2078667713
2078482931
2077944230
2077907501
2077879835
2077552977
2077534903
2077265552
2077203362
2077137501
2077044765
2076481490
2076058121
2076034552
2075977363
2075945917
2075874827
2075727899
2075594306
2075296735
2075270594
2075221226
2074749786
2074688032
2074630152
2074546022
2074505579
2073746025
2073696823
2076651412
2076609971
2076121191
2075531487
2075382672
2075262528
2075244001
2074909123
2074886979
2074878186
2074869902
2074835194
2074797668
2074775452
2074762820
2074731405
2074664926
2074595957
2074561117
2074499597
2074482072
2074419734
2074356845
2075391048
2075204316
2075189938
2074876167
2073741641
2076969593
2076167144
2076052833
2075290905
2075245270
2073790516
2073751759
2073719073
2073700525
2073665230
2073492414
2073389678
2073367812
2078825153
2078820719
2078814954
2078788779
2078767156
2078760622
2078697646
2078647693
2078610371
2078541671
2078456352
2078423572
2078209181
2077582124
2077566874
2077551477
2077512115
2077472137
2077413960
2077361551
2077300456
2077235177
2075997200
2075947396
2075884028
2075831210
2075786121
2075704385
2075604463
2073740256
2073676326
2078920767
2077191669
2077105048
2077020855
2076807924
2075630539
2075444908
2075121954
2074604746
2078798251
2078794869
2078788417
2077581086
2077555338
2077541010
2077530298
2077478484
2077443683
2077393186
2077214228
2077149006
2077105375
2076799514
2076703512
2076629840
2076174461
2076161139
2076140044
2076105241
2075993828
2075933979
2074887967
2074894934
2074869063
2074844058
2078988637
2078819586
2078720594
2078667911
2078626698
2076277673
2076261108
2076211573
2076198542
2076195959
2076199752
2076167793
2074957309
2074939446
2074950823
2074928142
2074917712
2074911317
2074894953
2074491695
2073859230
2073857120
2073861545
2073808390
2073817851
2073802033
2073427698
2079003038
2078975462
2078962227
2078909265
2075204602
2075171018
2075128970
2075108028
2074777429
2074687183
2074610513
2074560500
2074382080
2074331892
2074275421
2078823958
2077627292
2077615856
2077576726
2077382290
2077188524
2077140195
2076539706
2076443107
2075389023
2075006332
2074996561
2074991745
2074977211
2074957527
2074948588
2074951366
2074942274
2074919229
2074915265
2074887734
2074895353
2074871536
2073952874
2073902227
2073900298
2073861251
2073843951
2073819062
2073821385
2073794098
2073776571
2073734730
2073478287
2077541174
2077531191
2076004009
2075970557
2075923293
2075032039
2075001270
2074967272
2074965550
2074974957
2074958868
2074970358
2074952926
2074935153
2074930432
2074905945
2074901711
2074875979
2074852309
2073957696
2073867290
2073865837
2073849488
2073859761
2073819609
2073802608
2073769568
2073778793
2079020034
2079004954
2078973283
2078946144
2077856531
2077827928
2077725131
2077702141
2077683126
2077656817
2077644382
2077639739
2077410208
2077376241
2077342227
2077301714
2077214878
2077128617
2077018435
2076952204
2076727421
2076720156
2076661083
2076608876
2076567051
2076411592
2076365893
2076338328
2076305942
2076275398
2075869000
2075830768
2075779252
2075690569
2075569707
2075446635
2075369485
2075297515
2075262732
2075216334
2075174900
2075044398
2075029480
2075020313
2074969503
2074992311
2074983900
2074647424
2074604716
2074509628
2074476227
2074441071
2074355889
2074334002
2074247103
2074260649
2074220201
2074193774
2074108282
2074008467
2074100556
2074015004
2074010628
2073784835
2073754648
2073727333
2073712859
2073674007
2073634428
2073605133
2073553485
2073505341
2073447873
2073404909
2078827625
2078841598
2078798688
2078802122
2078784815
2078765131
2078760019
2078712687
2078682944
2078645485
2078622206
2078543964
2078435477
2078342130
2078200601
2078086920
2077563400
2077519490
2077502321
2077460691
2077393750
2077336240
2076141765
2076123006
2076095582
2076074292
2076050294
2075995852
2075956428
2075905087
2075828458
2075797832
2075751264
2075657314
2075565467
2074938016
2074944226
2074941074
2074916891
2074909387
2074903580
2074875394
2074869841
2074852819
2074824294
2074792652
2074752692
2073875894
2073866433
2073865760
2073857506
2073854995
2073852579
2073806444
2073814209
2073768796
2073665744
2073651223
2073620520
2073573763
2073482857
2073441630
2073391391
2079034106
2078901707
2078894120
2078486551
2078441211
2078285647
2077671728
2077630871
2077597865
2077604751
2077586578
2076312760
2076269114
2076275602
2076255090
2076188316
2076204742
2076192874
2076190042
2076148394
2075935525
2074496250
2074390655
2074317111
2074319889
2074265923
2073741794
2073687077
2073653362
2073586875
2078798389
2078812853
2078785120
2078758773
2078702563
2078663080
2078497493
2078064258
2078026744
2076147555
2075232094
2074899710
2078911997
2078900320
2078886455
2078864636
2078601645
2078535919
2078436437
2078345053
2077936717
2077911854
2077836920
2077754676
2077710690
2077672978
2077639381
2077652407
2077628781
2077469111
2077447870
2076532797
2076488941
2076309524
2076265934
2076257242
2076242361
2075999658
2075852718
2075798283
2075695048
2075636043
2075465215
2075375653
2075360080
2075270749
2075222661
2075198093
2075158207
2077498506
2077483825
2077441340
2076802007
2076730905
2076650797
2076622879
2076440655
2076134423
2076114468
2076078425
2076028182
2075532553
2078953523
2078941005
2078925983
2078910826
2078896459
2077903733
2077871249
2076804235
2075783518
2075687872
2075602065
2075188229
2075179241
2075043122
2075032273
2075008820
2075003443
2074988251
2074752451
2074669301
2074617390
2074591820
2074555370
2074477236
2074198641
2074137206
2074105954
2074000949
2079003725
2078625126
2078468976
2078348058
2078098437
2078079963
2077888790
2077880448
2077300987
2077241276
2077172732
2077121081
2076964261
2076890424
2076734618
2076650234
2076596759
2075977528
2075908400
2075861774
2075685896
2075602683
2075440253
2075358925
2075301689
2075243284
2075201927
2074720937
2074643133
2074577049
2074544132
2074446289
2074415770
2074392111
2074315536
2074249012
2074244689
2073802507
2073784923
2073772487
2073733480
2073704255
2073682032
2073643959
2073599209
2073391384
2078993588
2078990104
2078745822
2078706599
2078657136
2078646138
2078581888
2078447563
2078376574
2078297865
2076636864
2076568404
2076488695
2076412899
2075936154
2075895166
2075819569
2075778093
2075695026
2075247958
2075208720
2075180774
2075163102
2075150289
2075098131
2075094011
2074893384
2074818673
2074801101
2074756761
2074684765
2074618476
2074603362
2074582854
2073620062
2073568143
2073528514
2073500597
2073460023
2073397529
2077594755
2077584249
2077235068
2077185134
2076952240
2076794220
2076721863
2076638680
2076207611
2076176865
2076122231
2076081746
2076019100
2076000637
2075362835
2073872293
2078856632
2078836630
2078089216
2077963678
2077844583
2077788604
2077707952
2076609372
2076557570
2076295891
2076252530
2076200287
2075392659
2074318006
2074301283
2074260647
2073874220
2073846394
2079007905
2078788210
2078690467
2077718036
2077720147
2077595356
2077584372
2077528882
2077512232
2077444681
2077407894
2077346494
2076423262
2076187361
2076183017
2076177767
2076037329
2074927275
2074917956
2073552211
2073471794
2073413621
2078081084
2078014665
2077967786
2077936159
2077278768
2077148621
2076174250
2076157901
2076153049
2076118714
2076110525
2076061232
2076024677
2075990396
2075567469
2075378861
2075369810
2075301164
2075243061
2075197019
2075158076
2075126139
2074609929
2074549183
2074532455
2074337576
2074309924
2074268372
2074219080
2073826987
2073815760
2073810533
2073781101
2073749350
2073707742
2073668325
2073617425
2073582326
2073550200
2073499439
2073479989
2073431225
2073374141
2078981672
2078948087
2078344797
2078101499
2078046168
2077979487
2077965561
2077945777
2077920327
2077846576
2077794791
2077528305
2077521688
2077469139
2077451574
2077402464
2077340716
2077209739
2077134957
2077053187
2076647778
2076613726
2076568834
2076530288
2076483590
2076425988
2076371621
2076337657
2076152222
2076119594
2076103576
2076077625
2076044314
2076002785
2075903482
2075851713
2075699572
2075356850
2075271845
2075212183
2075191561
2075143754
2075098954
2075093643
2075083334
2075047525
2075019684
2074923512
2074913836
2074902221
2074881077
2074845392
2074822651
2074558645
2074537981
2074493828
2074472265
2074434195
2074407856
2074267732
2074224698
2074220117
2074138180
2074130638
2074007477
2073625870
2073568160
2073542021
2073492692
2079015236
2078950502
2078916595
2078465286
2077849467
2077828181
2077769235
2077762372
2077727090
2077678431
2077521541
2077477800
2077446965
2077434421
2077382570
2077355019
2077320447
2077253922
2077231580
2077143116
2077027123
2076890808
2076767276
2076672741
2076627172
2076532857
2076494105
2076455225
2076407819
2076136750
2076124307
2076091141
2076046191
2075997855
2075939446
2075887483
2075856343
2075818838
2075753393
2075705003
2075602283
2075531912
2075396030
2075354899
2075244972
2075195956
2075146275
2075098851
2075112056
2075078555
2074825760
2074803870
2074755728
2074722006
2074665725
2074602769
2074577801
2074528026
2074520355
2074481475
2074454604
2074411527
2074352075
2074308464
2074246310
2073725725
2073714099
2073668418
2073644236
2073609998
2073556880
2077798098
2077772328
2077716132
2077652697
2077606867
2077592273
2077576636
2077541559
2076226220
2076208272
2076184905
2076192740
2076142483
2076118712
2076100893
2074967937
2074978328
2074980610
2074956757
2074939032
2074950808
2074872006
2074835858
2074105458
2074018574
2074014488
2074010516
2073879343
2073881087
2078867409
2078861655
2077715237
2077344492
2076542425
2076487075
2076455466
2075265951
2075119039
2073905240
2078223689
2078170658
2078013596
2077988152
2077482646
2077434763
2077337737
2077303156
2077238168
2077176498
2077160765
2077056336
2076724132
2076655264
2076066174
2076042102
2075995921
2075954409
2075900459
2075818706
2075776245
2075700996
2078214384
2078113311
2078030888
2077928224
2077901629
2077844938
2077387573
2077347150
2077204482
2075806575
2075753374
2075701714
2075568049
2074707764
2074653523
2074606894
2074575071
2074549974
2074436457
2074414800
2074360873
2074332051
2074269492
2077510857
2077463962
2075201937
2075154334
2078679713
2078609639
2078547078
2078479806
2078420017
2077859298
2077835245
2077802538
2077757872
2076702660
2076640892
2076577029
2076551767
2076513704
2076449568
2076426598
2076416458
2076365301
2075707205
2075301368
2075232208
2074592413
2074386670
2074357772
2074337505
2073658857
2073614320
2073548221
2073492281
2073452377
2078800821
2078774298
2078703626
2078663341
2078617650
2078564267
2078463759
2078354404
2078103984
2078038754
2078022215
2077971198
2077579169
2077579784
2077556369
2077546394
2077519067
2077499232
2077476356
2077441290
2077398252
2077351488
2077244095
2075603913
2075235170
2074777785
2074761746
2074708476
2074662646
2074623474
2074572291
2074335353
2073553733
2073511274
2073480355
2079033888
2078965264
2078942127
2078911127
2078751446
2078657613
2078644626
2078605135
2078561684
2078490243
2077863668
2077831966
2077800818
2077748840
2077736322
2077444480
2077399035
2077376825
2077337375
2077268232
2077213647
2077167948
2077068613
2077012158
2076798442
2076657674
2076605247
2076502804
2076445575
2076431544
2076387882
2076363657
2076328018
2076006300
2075982155
2075887450
2075846000
2075795077
2075607685
2075531655
2075391863
2075299682
2075267162
2075224338
2075119353
2075109947
2075075889
2075066043
2075037335
2074581516
2074542510
2074493469
2074447439
2074429017
2074411795
2074359193
2074264507
2074144782
2074131568
2074043244
2074003037
2073744356
2073715391
2073532273
2073474713
2078772727
2078753449
2078668464
2078611627
2078485860
2078218209
2078152500
2078058402
2077998100
2077970377
2077888131
2077483691
2077435035
2077401325
2077356543
2077319936
2077272403
2077226510
2077125133
2077012080
2076799581
2076700859
2076633047
2076577986
2076100671
2075475765
2074592399
2074531044
2074457007
2074192706
2073744354
2073711569
2073682114
2073628968
2073486123
2073450931
2073393514
2078900486
2078885520
2078882409
2077625945
2077596310
2077576763
2077570926
2077394954
2077355866
2077321513
2077238493
2077200828
2076541778
2076495825
2076471140
2076425004
2076394141
2076366366
2076140439
2076118208
2076087712
2076015254
2075974955
2075888731
2075853531
2076471031
2076434167
2076401187
2076359402
2076043397
2075996734
2075294961
2075272373
2075216009
2075192816
2075156350
2075121331
2075101957
2075068234
2075039690
2075034759
2074413930
2074368715
2078965506
2078938729
2078809772
2078772061
2078751916
2078703620
2078632581
2078584408
2077183826
2077046681
2076961615
2076800983
2076426797
2076412513
2076351251
2076021118
2075940001
2075790512
2075689811
2075449393
2075376293
2075286925
2075225802
2075175601
2075139316
2075098885
2074880349
2074841036
2074810828
2074702202
2074635418
2074588281
2074529462
2074530757
2074430163
2073683015
2073643547
2078772490
2078721878
2078668130
2078642079
2077877482
2077570453
2077544771
2077517664
2077512718
2077489884
2077447314
2077224365
2077160766
2077056990
2076968840
2076881047
2076732959
2076122870
2075908664
2075862501
2075812083
2075772557
2075688098
2075605666
2075112570
2075053854
2075014653
2074871775
2074846454
2074806300
2074781550
2074762047
2074721274
2074437992
2074383744
2074360853
2074318943
2074274567
2074260732
2074147633
2074138575
2073795923
2073757068
2073750012
2073705904
2073690627
2073633404
2073403736
2079031987
2079005251
2078982495
2078816484
2078813017
2078786155
2078766201
2078718220
2078688096
2078664728
2077349164
2076407896
2076069039
2076054116
2075934735
2075891540
2075817774
2075077044
2075054627
2074857332
2074843039
2074762479
2074619505
2074264063
2074213627
2074132405
2073809970
2073759166
2073760625
2073731772
2079022114
2078933923
2078923660
2078874240
2078872273
2078373505
2078201232
2078101532
2078061576
2077990919
2077952832
2077901340
2077297805
2077246974
2077188465
2077024068
2076835995
2076721399
2076659822
2076610038
2078802118
2078769701
2077565676
2077420359
2077068089
2076894716
2076721298
2076124512
2076095930
2076080389
2075793952
2075751077
2075599295
2075354080
2074910239
2074893473
2074851231
2074604172
2074441402
2073826689
2073820715
2073793194
2073775178
2073725611
2073676961
2073636799
2073602443
2079033577
2079005444
2078979711
2078973034
2078964090
2078923918
2078902168
2078894669
2078874001
2078880464
2078857770
2078452763
2078377414
2078281350
2078109306
2078033754
2077979515
2077947846
2077905895
2077857329
2077824647
2077790540
2077762630
2077712860
2077689488
2077680483
2077186285
2077105662
2076966633
2076662748
2076619973
2076569859
2076481571
2076423464
2076384578
2076339655
2076312294
2076267666
2075776128
2075659161
2075390378
2075283849
2075233439
2075190613
2075149931
2075116549
2075058111
2074612997
2074527882
2074505070
2074272826
2074241497
2074212605
2073506953
2073463925
2073431224
2079032861
2078957487
2078464992
2078025561
2077907521
2077876151
2077839541
2077816459
2077788173
2077274626
2077227020
2077142963
2077042060
2076952451
2076796918
2076642124
2076600742
2076480805
2076420357
2075945919
2075849758
2075785281
2075708817
2075634343
2075529757
2075149487
2075153781
2074801848
2074743958
2074708036
2074650061
2074596685
2074551640
2074400297
2074354902
2074316207
2073771482
2073708610
2073686937
2073648616
2073612333
2073578099
2073523734
2073491131
2079013846
2078985137
2078852090
2078450745
2078339808
2078152588
2077893449
2077846464
2077796205
2077781666
2077739923
2077707254
2077692448
2077682874
2077651712
2077596188
2077603738
2077592194
2077102863
2076945739
2076794819
2076478538
2076464709
2076435528
2076389760
2076345484
2076291085
2076249690
2076242092
2076217995
2076207775
2076196003
2076179634
2076176130
2075266505
2075232290
2075199461
2075171901
2075133616
2075114995
2075100286
2075048733
2074978512
2074980807
2074957437
2074926793
2074338240
2074313440
2074275046
2074261316
2074213075
2073952317
2073902517
2073887340
2073884019
2073858297
2073863073
2073828455
2078614784
2078545828
2078430294
2078035633
2077992447
2079005590
2078958531
2078969888
2078916104
2078912636
2077739544
2077723837
2077697092
2077684589
2077646451
2077642659
2077617393
2077597530
2077604834
2076720693
2076665435
2076604820
2076580552
2076455922
2076418577
2076377301
2076345950
2076320716
2076290484
2076280271
2076255478
2076241017
2076226799
2076213654
2076208496
2076185700
2076183714
2076192196
2076168980
2076147492
2076160926
2076123653
2076067836
2076039416
2075153128
2075118184
2075050628
2075031428
2075005737
2074994460
2074985051
2074975684
2074972079
2074953826
2074936950
2074935624
2074917638
2074909099
2074881714
2074860877
2074831908
2074789159
2074744988
2074647031
2074547156
2074530169
2074463136
2074442504
2074412994
2073906907
2073951776
2073920749
2073868736
2073859340
2073857054
2073860826
2073808105
2073805716
2073820606
2073766825
2073772919
2073667165
2073641149
2073566972
2073524621
2073475956
2073432049
2073380741
2079011557
2078975982
2078954366
2078914088
2077984308
2077941898
2077887030
2076588180
2076564202
2076523368
2075652237
2075535449
2075397571
2075184083
2075162794
2075133315
2075049657
2074333479
2074279628
2074244079
2073678083
2073635876
2073605423
2079006338
2078954757
2078936481
2076406634
2075812119
2074274426
2074143801
2073401484
2079035269
2078959514
2078971536
2078945470
2077720240
2077403690
2077336011
2077301359
2077195327
2077058248
2076944314
2076672123
2076631406
2076591377
2076365268
2076328450
2076306437
2076070349
2075771393
2075199177
2075098642
2075088243
2075056147
2075063478
2075041536
2074843267
2074788262
2074747974
2074532279
2074422980
2074401142
2074273039
2074146654
2074136365
2073904913
2073562957
2073506495
2073479761
2073393624
2078782772
2078718452
2078719832
2078674196
2078582814
2078456836
2078022068
2077968062
2075064170
2078996906
2078984938
2078946809
2078939019
2078915101
2078755475
2078725626
2078694958
2078646205
2078588579
2078535264
2078464431
2078359346
2078082410
2077999071
2077937671
2077841508
2077803964
2077766330
2077753823
2077568486
2077561690
2077533394
2077496513
2076953241
2076739304
2076632194
2076545620
2076495503
2076407210
2076063315
2076032624
2075964409
2075906626
2075870335
2075809360
2075592372
2075466710
2075298910
2075276035
2075244896
2075195086
2075093740
2075083459
2075068459
2075038579
2075033074
2074657663
2074618724
2074594935
2074538467
2074493717
2074424645
2074228718
2074196948
2074189786
2074043180
2074002901
2073992312
2073955552
2073468821
2073430102
2079030289
2078954143
2078944476
2078926954
2078906454
2078909912
2078648075
2078602170
2078442733
2078340197
2078202582
2078018431
2077910675
2077869437
2077818449
2077767576
2077709321
2077206787
2076798187
2076610052
2076435020
2076413856
2076352062
2076315024
2076308540
2076287996
2076281254
2075791836
2075566808
2075441960
2075360143
2075290758
2075232234
2075163953
2075131796
2075064333
2075038023
2075031720
2075020267
2075001416
2074661523
2074604268
2074424687
2074368607
2074318375
2074277424
2074264031
2073816423
2073796672
2073781624
2073772247
2073479408
2073444545
2073421614
2077943008
2077837178
2077720235
2077689851
2077660810
2077652051
2077538702
2076156598
2076108185
2075654565
2075565923
2075303252
2075241783
2075185751
2075164112
2075141197
2075095329
2075071428
2074413313
2074366914
2074048673
2074016983
2074001767
2073992069
2073928584
2073952315
2073878715
2077538134
2077507271
2077474387
2077417573
2077400919
2076437143
2075873648
2074777540
2074740610
2078656031
2078645806
2078600787
2078498939
2077599893
2077580732
2077530352
2075115488
2075081958
2074769022
2074694973
2074646371
2073758292
2073547736
2079034985
2078739879
2078701446
2078680739
2078638292
2078610069
2078485500
2078340606
2078199855
2078097335
2078061122
2078005841
2077982521
2077868476
2077852601
2077523547
2077494568
2077447369
2077422295
2077391752
2077337502
2077266294
2077018248
2076899532
2076792783
2076707080
2076634409
2076603459
2076533279
2076503381
2076197005
2076193226
2076169466
2076172066
2076144822
2076151502
2076091957
2076044333
2075978044
2075954768
2075883500
2075837633
2075759257
2075689603
2075462896
2075357489
2075279983
2075245968
2075188540
2075180857
2075138291
2074939824
2074930199
2074902724
2074848651
2074844212
2074805461
2074772667
2074759905
2074708633
2074647227
2074601539
2074544799
2074468848
2074327948
2073822726
2073794990
2073775986
2073741811
2073697530
2073662056
2073626349
2073581400
2073547178
2073493412
2079022036
2079003627
2078973021
2078961291
2078911528
2078888916
2078892570
2078882939
2078859595
2078354239
2078172393
2078086384
2078040926
2078005603
2077958981
2077911765
2077877819
2077816906
2077764880
2077739945
2077710693
2077699793
2077681014
2077637416
2076808591
2076707347
2076651187
2076330097
2076268088
2076263223
2076243284
2076233090
2075907843
2075857947
2075814235
2075724583
2075680386
2075568560
2075462962
2075383824
2075307522
2075270557
2075217922
2075178241
2075164036
2075141618
2075075215
2075049273
2075039502
2075013937
2074977945
2074759756
2074666927
2074609933
2074545337
2074530240
2074475896
2074436433
2074386644
2074353681
2074309576
2074299931
2074261702
2074199689
2074136519
2074140442
2074045146
2074004187
2073959485
2073549653
2073466719
2073426690
2073328590
2078704059
2078342467
2078953349
2078940668
2077802580
2077765080
2077743137
2077732146
2076541288
2076501634
2079009132
2078991066
2078936458
2078925675
2078901137
2078874787
2078881600
2078865209
2078856158
2078861334
2078839353
2078844739
2078836689
2078841106
2078829829
2078796185
2078786751
2078729077
2078688227
2078654718
2078608144
2078456422
2078290460
2078172652
2078110842
2077609062
2077595078
2077592807
2077582572
2077549599
2077539464
2077518046
2076456696
2076432166
2076223493
2076220844
2076187023
2076204255
2076179383
2076163337
2076143169
2076134045
2076096879
2076078454
2076027305
2075954412
2075894854
2075830021
2074862929
2074823178
2074804093
2074779924
2074750408
2074695349
2073875634
2079008513
2078990158
2078963267
2077940039
2077226867
2076630734
2076585117
2076552647
2076494825
2076446041
2076430203
2074495590
2074420708
2074364389
2074312407
2074266308
2074223340
2074195561
2078959032
2078954867
2078944855
2078935196
2078909083
2078812550
2078786018
2078746318
2078716955
2078672622
2078613730
2078564070
2078495352
2078433196
2078350433
2074814183
2076606028
2075839624
2075791945
2075591841
2074828455
2074710890
2074635783
2074421315
2073625863
2077949046
2077911760
2077358116
2077307168
2077233962
2077135468
2077046998
2076945043
2076708361
2076647841
2076604635
2076557955
2076494831
2076462902
2076039709
2075286336
2075261769
2075222237
2075200352
2075166179
2074739426
2074363065
2074321858
2074274536
2074218756
2074142964
2073576062
2079013765
2078979662
2078971781
2078345040
2078024584
2077868267
2077840838
2077746886
2077727159
2076403099
2076325119
2076293391
2076281007
2075926691
2074536174
2074496442
2074438073
2074365356
2074335197
2074277717
2073566979
2073508195
2073483651
2073440171
2073393515
2074246484
2074224042
2073566994
2073530570
2073490753
2073428142
2078531641
2077012437
2074475626
2078651951
2078613560
2078546178
2076536355
2076084384
2076027212
2075216960
2074450827
2074404406
2074309518
2074224191
2073545224
2073497380
2073369490
2078019952
2077139934
2076502085
2078602107
2078468481
2078349566
2077834458
2077811447
2077388551
2077373853
2077308181
2073755038
2073744388
2078762532
2078711414
2077596991
2077589578
2077585339
2077577624
2077568266
2077555496
2077541207
2077514728
2077485361
2076944543
2076106872
2073856584
2073860682
2073808574
2073819456
2073820149
2078774331
2078713112
2077465291
2077436416
2077328238
2077275213
2076883657
2076590239
2076526656
2076501276
2076468164
2076429056
2076400094
2076362640
2076329041
2076293589
2076067182
2076040179
2074834910
2074803734
2074360435
2074313368
2074247032
2074225304
2074212051
2074143075
2074106179
2073851127
2073826516
2073819793
2073780777
2073729615
2073732457
2079031988
2078992804
2078442706
2078291887
2078156665
2078054074
2078007259
2077767160
2077750780
2077713080
2077465194
2077402079
2077268477
2077199662
2077164582
2077044891
2076944276
2076893298
2076801125
2076704231
2076613853
2076584115
2076535466
2076519971
2076479409
2076029868
2075981412
2075867712
2075636177
2075535712
2075375820
2075286090
2075207365
2075179742
2075161453
2075118963
2074583086
2074536892
2074432936
2074410200
2074358054
2074313418
2074301105
2074243977
2073532412
2078993518
2078990058
2078956456
2078962234
2078941163
2078933051
2078923456
2078823439
2078807669
2078789554
2078767918
2078753974
2077845462
2077814324
2077729603
2077712676
2076512300
2076446035
2076430713
2076377416
2076354219
2076332170
2076301163
2076274776
2075926819
2075861464
2075804761
2075776896
2075694410
2075635735
2075448751
2075304659
2075271837
2075217301
2075167909
2075151108
2075121036
2075092866
2075077152
2075047908
2075042500
2075031672
2074859660
2074850760
2074818429
2074792639
2074743453
2074699660
2074687318
2074611214
2074580141
2074537876
2074441022
2074387536
2074367180
2074315977
2074279479
2074148933
2073697081
2073646495
2073594263
2073519139
2073511127
2073437841
2073395228
2078219384
2078108587
2078049508
2078025689
2077921804
2077881122
2077850300
2077815244
2077784361
2077215133
2076656256
2076617490
2076496987
2076373668
2076336811
2075698948
2075599718
2075216423
2075192999
2079017628
2079001811
2078850231
2078843434
2078825066
2078753517
2078711900
2078678308
2078641825
2076643438
2076578078
2076535554
2076153512
2075369412
2075116338
2074890864
2074853251
2074831207
2078863911
2078860465
2078829313
2078805192
2078789331
2078772050
2078761423
2078724644
2078682372
2078647986
2078568366
2078468812
2078358360
2076264218
2076245620
2078986494
2078955511
2078962688
2078917261
2076544379
2076472383
2076430121
2075874382
2075837023
2075358686
2075271668
2075222650
2075204051
2075169378
2075114616
2075086038
2075066809
2079008626
2078965415
2078918462
2078787223
2078743161
2078704724
2078672271
2078605693
2078539692
2078463835
2077865160
2076837977
2076724036
2076643911
2076577110
2076514384
2076143682
2076130402
2076113311
2076039531
2075948249
2075363976
2075239133
2074789581
2074768711
2074583849
2079021285
2079014303
2078455027
2078295455
2078214304
2078113877
2078083999
2077800697
2077771790
2077742167
2077713720
2077696958
2077669283
2077680708
2077451491
2077408261
2077359059
2077167246
2077106890
2077043090
2076940905
2076832544
2076724501
2076399169
2076412340
2076348742
2076301193
2076280558
2075751260
2075655919
2075279770
2075222893
2075193709
2075146157
2075140653
2075113258
2075086252
2075053436
2075039087
2075033149
2075013061
2074553045
2074519990
2074300981
2074227997
2074214815
2074144149
2074107008
2073517735
2073429897
2073328270
2078533271
2078437727
2078295099
2078157610
2078056945
2077967455
2077936114
2077825203
2077777086
2077677290
2077674304
2077628543
2077341256
2077102653
2076957945
2076940353
2076794536
2076622870
2076432977
2076401441
2076353396
2076324301
2076291768
2076246723
2076228653
2076052899
2076010363
2075965770
2075907140
2075890632
2074402504
2074329351
2074332037
2073539151
2073477594
2073435378
2073404085
2078670178
2078587803
2077645461
2076361893
2076312876
2076274874
2073922562
2073633947
2073596200
2078826983
2078707900
2078702396
2078604796
2078531974
2078432718
2078203081
2077592449
2077581791
2077570221
2077552827
2077496850
2077467999
2077470848
2076207803
2076185319
2076201613
2076190347
2076173648
2076145243
2076127880
2074323118
2079009664
2078960330
2078739870
2078432140
2077969292
2077938487
2077930050
2077895818
2077865312
2077827353
2077737485
2077480097
2077422783
2077374956
2077291218
2077180419
2077131617
2076951728
2076792559
2076660476
2076595908
2076556098
2076540962
2076443051
2076366942
2076020739
2075947732
2075892108
2075218933
2075085619
2075049200
2074903326
2074870198
2074757048
2074734960
2074558102
2074530003
2074439690
2074433453
2074359646
2074334858
2074309862
2074215732
2074210177
2074135065
2074049437
2074005570
2073732266
2073701964
2073593312
2073562193
2073520427
2073479897
2073399524
2073390513
2078979821
2078598998
2074856673
2074833257
2074225103
2073498658
2078835262
2078840460
2078816647
2078810532
2078785972
2078758131
2077539208
2077515911
2077500065
2075997823
2075938143
2075898692
2075851983
2074526018
2074495431
2074435796
2073610388
2073557370
2078968777
2078961709
2078921182
2078772394
2078755172
2078725651
2078692553
2078116832
2078067555
2077991621
2077938007
2077920337
2077725785
2077677101
2077684941
2077647799
2077628979
2077418187
2077347414
2077333145
2076396260
2076360342
2076297023
2075860601
2075800365
2075025953
2075004069
2074993343
2074966262
2074527421
2074210514
2073514116
2078856792
2078847458
2078838288
2078799410
2078816638
2078811470
2078174805
2078088487
2078044699
2078012552
2075360400
2075268313
2075216424
2075192380
2075078069
2075067295
2075018931
2075023985
2075012072
2074974744
2074971907
2074955821
2074947577
2074944547
2074943508
2074933627
2074916910
2073924231
2073900946
2078991788
2078976818
2078933318
2078844820
2078835787
2078840045
2078817748
2078758550
2078749865
2078685577
2078660115
2078179592
2077058294
2076536880
2076351951
2076313673
2076293757
2076273461
2076246503
2076137039
2075991144
2075941659
2075870404
2075825348
2075757433
2075769821
2074949685
2074936985
2074941394
2074886342
2074848721
2074828089
2074795294
2074783233
2074618232
2073680570
2073640457
2073603846
2073547306
2073447129
2073411506
2073367472
2079010518
2078972168
2078901824
2078882407
2078859247
2078661971
2078561534
2078101793
2078038527
2077963835
2077931588
2077882753
2077847892
2077799269
2077790616
2077655912
2076513324
2076452941
2076408857
2076259400
2075854165
2075238223
2075130341
2075105475
2074865012
2074828472
2074735897
2074690188
2074598622
2074561614
2074260867
2074196462
2078708101
2078683428
2078377741
2078281844
2078169848
2078058497
2078027539
2077978928
2078979863
2078829142
2078825874
2078799089
2078802979
2078783227
2078745319
2078711627
2078652682
2078616143
2078544875
2078345648
2078205053
2078113795
2078029963
2077945254
2077800363
2077372472
2077314227
2077240857
2077025792
2076836633
2076760144
2076629923
2076566732
2076528808
2076495219
2076373620
2076322125
2076258696
2076235795
2076230801
2076186957
2076195657
2076199791
2076175746
2076162799
2076151702
2076118099
2076004004
2075961604
2075920610
2075659052
2075601285
2075461084
2075352666
2074963167
2074973442
2074970364
2074928367
2074932057
2074929962
2074873762
2074838815
2074799758
2074761520
2074705321
2074400787
2074352178
2074306850
2074198146
2074194372
2073870700
2073846557
2073806871
2073757212
2073529033
2078630827
2078532736
2078428063
2077866883
2077850452
2077822893
2077785889
2077756795
2077739933
2077729983
2077694960
2077473899
2077417121
2077394759
2077356518
2077293804
2076833834
2076722773
2076660823
2076604961
2076559188
2076539852
2076501321
2076432625
2076379646
2075293255
2075270842
2075241112
2075040880
2075031015
2075003919
2074638953
2074589223
2074552834
2074522799
2074494106
2074462257
2074415050
2074402508
2074357184
2074331298
2074268867
2074225020
2073599817
2073473027
2073412335
2073367023
2078848477
2078838754
2078685959
2077974169
2077907314
2077459822
2077411075
2077254807
2077198215
2077104782
2076671942
2076185641
2076192897
2076168812
2076146636
2076152963
2076125644
2076088915
2076063055
2076017822
2075751663
2075270129
2075215894
2075129008
2074764438
2074693116
2074463991
2074399123
2078626462
2078595053
2078053778
2078029837
2077968318
2077929891
2077352709
2077258213
2076947060
2076658377
2076525196
2078888520
2078891735
2078864966
2078846726
2078824643
2078790477
2078747294
2078488064
2078452195
2077993567
2077826088
2077810618
2077770244
2077750127
2076399264
2076136536
2076113549
2076003882
2075979988
2075883392
2075227419
2075213267
2075164457
2075126778
2074909635
2074902695
2074835305
2074820931
2074794267
2074138703
2074131147
2073825073
2073800661
2073638227
2076440812
2076339460
2076298823
2075379865
2075232959
2075212536
2074497021
2074470993
2074431273
2074369215
2074314983
2074242836
2073473949
2078995747
2078809504
2078813778
2078788336
2078758731
2078689825
2077436317
2076676677
2076620518
2076539385
2076185480
2076167320
2075827469
2075756807
2075682800
2075365575
2075303975
2074887525
2074895256
2074868966
2074860054
2074840590
2074788423
2074741315
2074634505
2074545950
2074278562
2074261862
2074209820
2073772057
2078944129
2078934498
2078878320
2078894008
2078882762
2078880311
2078849478
2078853601
2078851341
2078828624
2078833904
2078819421
2078435033
2076230729
2076210959
2075830314
2075746893
2075691207
2075567018
2075396354
2075354192
2074763963
2074716687
2074656743
2074618909
2074610413
2074572782
2074534442
2074109002
2074006598
2074039806
2074012436
2073909261
2073955246
2073901747
2073886297
2073882872
2073873287
2073870013
2073862040
2073852232
2073807804
2073826667
2073821186
2073795217
2073757264
2073747778
2073628024
2078928444
2078913734
2078903177
2078896153
2078885802
2078889760
2078880022
2078853518
2078765810
2078657444
2078564756
2077590884
2077568628
2077352450
2077267575
2077213842
2077167467
2077069059
2077022789
2076768700
2076657912
2076309811
2076265318
2076207399
2076204526
2076183660
2076181317
2076167832
2076158831
2076130461
2076103184
2075976321
2075827779
2075604502
2075466133
2075393567
2074971156
2074953998
2074936217
2074940230
2074917949
2074919846
2074706623
2073839959
2073785030
2073761256
2073716243
2073685524
2073646811
2073622376
2073567348
2073534543
2073475848
2073441148
2073392180
2078903649
2078863742
2078853971
2077924210
2077662456
2077647746
2077618925
2077621296
2077611718
2077594587
2077583103
2077567810
2076227914
2076173102
2075051325
2075033635
2075007494
2074996867
2074992267
2074983685
2074925003
2073876174
2073856313
2073860917
2073849753
2073814499
2073749419
2074745826
2074699149
2074324772
2074279350
2073578271
2073550434
2073506473
2073425073
2073380751
2078989414
2078957670
2077664414
2077648844
2077645547
2077641006
2077630833
2077598782
2077560503
2077525843
2077496051
2077464787
2076248336
2076242621
2076234066
2076231826
2076188667
2076205285
2076202039
2076190152
2076174758
2076143196
2076130466
2076101033
2076080406
2076041829
2076001845
2075935708
2073751962
2073724274
2073676963
2073636394
2078062534
2078022304
2077982796
2077594834
2077591837
2077580927
2077544365
2077528251
2077260025
2077211013
2077166958
2077064584
2076947413
2076834346
2075207429
2074904839
2074893851
2074879922
2074851477
2074831483
2074803263
2074768285
2074704948
2074652467
2074613781
2074576746
2074527599
2074504337
2074449381
2074423935
2073850103
2073625706
2073496863
2073455566
2078923852
2078656197
2078560653
2078435926
2078369973
2078095514
2078082720
2077999648
2077886800
2077873661
2077843969
2077816246
2077780878
2077723333
2077696704
2077690335
2077662825
2077655682
2077427105
2077391375
2077337661
2077304894
2077270300
2076404180
2076040563
2075994780
2075948219
2075920297
2075477092
2075396983
2075238388
2075225232
2075201496
2074614275
2074453163
2074326226
2074304871
2073602905
2073556380
2073516678
2073479567
2073419841
2073377045
2078804396
2078766192
2078649363
2078465284
2078369964
2077981270
2077641450
2077629980
2077605861
2077602385
2077581187
2077563948
2077550327
2077513506
2077465261
2077435992
2077391364
2077323308
2077238056
2076074997
2076007347
2075981310
2075823622
2075636884
2075562430
2075279883
2075013415
2075002831
2074993050
2073821641
2073789163
2073758096
2073421831
2078204126
2078114708
2075270147
2074624385
2074563206
2074464305
2074393560
2074351375
2074307364
2073727382
2073705781
2073650185
2078341654
2078213570
2078105561
2077987451
2077131719
2076339490
2076298815
2075245483
2075212997
2075192557
2075156406
2075140959
2075095027
2075059470
2075068670
2075061380
2075035128
2075008628
2075004402
2074968634
2074990877
2074965003
2074799684
2074790378
2074759755
2074637527
2074569332
2074548327
2074511096
2074473776
2074361260
2078619130
2078592500
2077557318
2077560008
2077529233
2077476371
2077354380
2077243377
2076232074
2076207517
2076201612
2076181314
2076174343
2076157618
2076030673
2075983509
2075608563
2075464337
2075393897
2075167078
2074874580
2074600611
2074560730
2074384038
2074217744
2074130282
2074041772
2074014445
2073959186
2073952623
2073921035
2073877773
2073867422
2073859159
2073844851
2073840479
2073561687
2078792863
2078775463
2078745516
2078689726
2078639262
2078496183
2078451271
2078216550
2078090433
2078029991
2077961663
2077456188
2077434203
2077383520
2077339245
2077319868
2077262343
2077137499
2077048432
2077013151
2076883898
2076766883
2076674313
2076621438
2076538393
2076028048
2075977352
2075951578
2075883635
2075823389
2075756414
2075701386
2075448275
2075381579
2075283981
2075247688
2074872397
2074853919
2074797989
2074699711
2074682673
2074584539
2074508609
2074481476
2074409685
2074382589
2074337645
2074308138
2074244163
2074222135
2074190679
2074139745
2078999072
2079015753
2078721962
2078156983
2078092319
2076411855
2076133098
2076119974
2075795695
2075699198
2075085958
2074943816
2073678866
2073664840
2078962161
2078663920
2078592445
2078534639
2078354692
2078202246
2078113155
2078066368
2078018946
2077934348
2077909874
2077849009
2077798401
2077523455
2077487649
2077424115
2077399893
2076433553
2078820620
2078806402
2078792882
2078759674
2078706598
2078693317
2078660646
2075072290
2078808058
2078783406
2078026047
2077932387
2077885176
2077447428
2077409921
2077329064
2077291220
2076114463
2076078924
2075530952
2075380057
2074454107
2074414433
2073505763
2073463027
2073396068
2078832013
2078801813
2078056331
2078017175
2077890182
2077860866
2076435425
2076390972
2076366140
2076318822
2076306147
2075365625
2075173767
2075152147
2074631000
2074578487
2074198960
2074143253
2074103959
2074004014
2073509778
2073381597
2078727045
2078697280
2078662403
2078642555
2078589304
2078498475
2078435479
2078218214
2078115255
2077607165
2077586481
2077547402
2077497439
2077471684
2077425144
2077395299
2077328433
2077249323
2077230508
2077182466
2076553028
2076512237
2076458289
2076349046
2076083500
2076042025
2075814611
2075701009
2075351968
2075272965
2075197604
2075158908
2075135667
2074831726
2074802702
2074523006
2074477564
2074451757
2074305109
2074245569
2074149453
2074193422
2074140482
2074100004
2074015948
2074000018
2073957086
2073927181
2073594445
2073398610
2073375524
2078839962
2076158497
2076135348
2076111510
2074941768
2074925007
2074916179
2078803950
2078747319
2077472115
2077403842
2077122943
2076056219
2076030467
2075994069
2075907494
2074839508
2074840375
2074792264
2074765100
2074713165
2074518067
2074503489
2073817948
2073820189
2073783894
2073753733
2073743608
2073709940
2073639159
2073609339
2073571319
2073481878
2078832671
2078807736
2077545267
2077516949
2077494834
2077429088
2077383540
2077360820
2077248183
2077187994
2075388808
2075369944
2075284737
2075212175
2075170164
2075138683
2074837290
2074806181
2073802529
2073794841
2077973358
2077874367
2077809155
2076667708
2075866038
2075832781
2075536174
2075470327
2075375695
2075133144
2075114250
2074816595
2074780413
2074727847
2074528911
2074489878
2074413993
2074401556
2074336659
2074249179
2074216127
2074195003
2073808753
2073805832
2073732484
2073645274
2079022690
2078767198
2078742553
2077403114
2077345250
2077316145
2077255224
2078844527
2078827835
2078821399
2078816049
2078583746
2078492677
2078423285
2078288878
2077586256
2077582714
2077429755
2075365881
2075264146
2075209260
2074647954
2074589639
2074560759
2074522157
2074455975
2074409680
2074329101
2073800804
2073778722
2073708926
2073641476
2073493737
2073435423
2073429830
2073367620
2079013786
2078923130
2078817628
2078794719
2078789710
2078766392
2078697846
2078672265
2078429733
2078420894
2078176435
2078047324
2078011243
2077973247
2077900396
2077834046
2077707049
2077692975
2077556355
2077543561
2077494350
2077459747
2077357681
2077293068
2077195557
2077166762
2077103491
2077022986
2076899493
2076829753
2076483216
2076374135
2076333700
2076304427
2076249728
2076243496
2075963778
2075887998
2075795463
2075753234
2075723779
2075681663
2075448397
2075366326
2075282604
2075204124
2075192384
2075163534
2075099073
2075109832
2075020686
2074966177
2074964420
2074866264
2074839089
2074697069
2074637340
2074568375
2074533799
2074490516
2074434905
2074323096
2074275593
2074228331
2074199233
2074193323
2074107571
2074008099
2074012977
2073991457
2073925897
2073902331
2073887206
2073649987
2073586660
2073573757
2073533293
2073495046
2073459490
2073388610
2078635951
2078534071
2078445516
2078284724
2078174910
2077942395
2077883040
2077857400
2077321185
2077273301
2077223085
2076554796
2076471907
2076391485
2076356452
2076238544
2076090471
2076046245
2075979280
2075979991
2075924552
2075865979
2075833895
2075779261
2075723758
2075598826
2075537550
2075370798
2075200015
2075096650
2075091526
2075071784
2075029651
2075008266
2074998366
2074980232
2074957602
2074954834
2074951714
2074546639
2074522870
2074502971
2074436526
2074229687
2074149701
2074143449
2074132159
2074102844
2074042157
2074002370
2073959715
2073768901
2073734504
2078916107
2078907929
2078910315
2078877544
2078597385
2078499064
2078206847
2078102317
2078049844
2078003636
2077954867
2077796129
2077668828
2077660103
2077645943
2077172657
2077142348
2077055062
2076954165
2076709066
2076660837
2076614174
2076212018
2076198618
2075079772
2075046096
2075019033
2075026304
2074889869
2074856112
2074840903
2074793522
2074363568
2078955715
2078961350
2078783055
2078724082
2078609958
2078536575
2078438994
2078095179
2078080264
2077950185
2077850719
2077771566
2077724581
2077674431
2077682293
2077659802
2077440517
2077386598
2076796213
2076605701
2076574575
2076449923
2076362796
2075834565
2075024017
2075019953
2075003015
2074993485
2074898815
2074877271
2074857709
2074830706
2074772193
2074750252
2074691806
2074660838
2074605822
2074564067
2074533161
2074339550
2074270459
2074218558
2074144685
2074101839
2074039944
2074002422
2073992201
2073739124
2073554357
2073512640
2077842808
2077350475
2076608866
2076576852
2076466909
2075231014
2074319594
2073753566
2073743097
2073662375
2073505362
2073469904
2078039163
2077958034
2077928206
2077686199
2077228457
2077176343
2076472373
2076333498
2076303539
2075220496
2075196824
2075148674
2078760457
2078697406
2078651709
2075142556
2078950779
2078924907
2078894533
2078646803
2078604811
2078584443
2078346553
2078222206
2078099225
2078028555
2077971648
2077891600
2077836790
2077752370
2077722957
2076257993
2076252051
2076223964
2075701369
2075604337
2075290337
2075218222
2075163299
2075126452
2075106366
2074993519
2074966619
2074643083
2074394110
2074334001
2073865340
2078986220
2078962668
2078640118
2078461173
2078291836
2077884769
2077781417
2076891565
2076709412
2075241784
2075178339
2075102956
2075074832
2075017478
2077434063
2077378127
2076432256
2076376052
2076358192
2075607043
2075298311
2075263854
2074517316
2074490215
2074435188
2074413836
2074394712
2073690013
2073650334
2073586835
2078934347
2077916329
2076957050
2076892929
2076768717
2076672984
2076374225
2075213032
2075177080
2075111183
2075077860
2074744558
2074713763
2074452621
2078035584
2076455829
2076411749
2076348269
2076322957
2075999190
2075950873
2075868716
2075804992
2075729277
2075639183
2075469699
2075377148
2075285607
2075233787
2075198099
2075093968
2074805125
2074766197
2074475141
2074433755
2074384955
2074351915
2074312354
2074109652
2074103443
2073707489
2073685265
2073629006
2078997174
2078800620
2078771633
2078704006
2078643346
2078569679
2078484605
2078430121
2078295286
2077815334
2077323192
2077248860
2077178943
2076542057
2076115678
2076085476
2075745633
2075655726
2074594248
2074405036
2074350399
2073701483
2078988631
2078983829
2078948169
2078934458
2078590756
2078467829
2078433353
2078214470
2077828819
2077789673
2077710582
2077668437
2077658846
2077652559
2077265537
2077221342
2077126442
2076487394
2076446646
2076435458
2076369287
2075374895
2075294205
2075272083
2075241788
2075181714
2075160129
2075118044
2075088122
2073851436
2073828764
2073824436
2073811454
2073784927
2078217499
2077725340
2076310067
2076248650
2075177862
2075114952
2075090279
2075081387
2074360653
2074314207
2074246599
2074260535
2078900907
2078375951
2078223725
2078172638
2077972702
2077686549
2077641057
2077238389
2077186310
2077129053
2076732617
2076584662
2076535926
2076425144
2075747903
2075396703
2075285773
2075236513
2075168710
2075128523
2074884841
2074890884
2074843581
2074754162
2074685412
2074617260
2074431669
2074321879
2074299854
2074222129
2074209788
2074133167
2074008609
2074100052
2074012295
2073953228
2073901896
2073501929
2076335255
2076263914
2075181456
2075160254
2078089848
2078002621
2077549435
2077535712
2077184111
2077045622
2076966043
2076808924
2076721826
2075818535
2075753457
2075470340
2075368912
2075305546
2074613498
2074577977
2074544386
2074504363
2074357940
2073676485
2073670038
2073446785
2073386193
2078864981
2078863234
2078837870
2078835102
2078806393
2078793032
2078790149
2078781183
2078754748
2078715307
2078681453
2078669755
2078621895
2078530241
2078431149
2078115777
2078081971
2078040356
2077977230
2077585930
2077578516
2077559001
2077548492
2077536046
2077513605
2077475325
2077438354
2077411808
2077373173
2077350122
2077232026
2077147477
2077018204
2076951505
2076795295
2076761051
2076047130
2075931848
2075444293
2075390042
2075297349
2075269344
2075226616
2074422660
2074351841
2074307731
2074267462
2074242787
2074142400
2074045205
2074016694
2074001552
2073519731
2073497211
2073463721
2073432202
2078846644
2078849855
2078843010
2078830199
2078788560
2078771915
2078215917
2075850058
2075776276
2075695956
2075598268
2075565852
2075459952
2075356853
2075194437
2074826051
2074776377
2074744033
2074615634
2073775525
2073676461
2073412511
2078110033
2077660707
2077499057
2077486004
2077441101
2077402687
2077320530
2077245043
2077169088
2077054483
2076950427
2075989271
2078783762
2078742871
2078687015
2078670543
2078498826
2078442659
2078351079
2078214724
2077515780
2077487117
2077419296
2077406995
2077359409
2077303082
2076668664
2076632009
2076586941
2076408780
2076374328
2076137937
2076106984
2076088006
2076064726
2075772570
2075246592
2075187301
2075173056
2075141453
2075095086
2074888681
2074885885
2074892874
2074869938
2074790291
2074753772
2074721494
2074522840
2074490546
2074452623
2074413922
2073808577
2073742903
2073687482
2078869301
2078870048
2078853720
2078817752
2078803520
2078788563
2078757647
2078726385
2078702613
2078666569
2076241963
2076233424
2076222861
2076208976
2076197132
2076194348
2076169867
2076142579
2076130881
2076112403
2076065918
2076037954
2076003089
2074977241
2074973996
2074970214
2074953439
2074944045
2074927246
2074878457
2074754968
2073860215
2073742855
2073688578
2078876824
2078884281
2078881186
2078848414
2078851587
2078741612
2078710781
2078677765
2078607127
2078560353
2077484254
2077417132
2077393841
2077352989
2077312868
2077235898
2076959291
2076895486
2076228533
2076223011
2076219967
2076204413
2076193101
2076168785
2076173006
2076145223
2076134716
2076121084
2076086042
2076071429
2075379727
2075299855
2074957849
2073885455
2073799443
2073792139
2073763355
2073746721
2073717437
2073684513
2073587371
2078952073
2078922601
2078896546
2078862704
2078829406
2078834330
2078819931
2078813631
2078787183
2077664028
2077647191
2077642720
2077631818
2077615887
2077607826
2077587268
2077583177
2077574463
2077546879
2077535219
2077506864
2077471965
2077426137
2077400048
2077327730
2076885456
2076524526
2076512094
2076469345
2076439132
2076408477
2076103588
2076047140
2075946410
2075889522
2075755961
2075568758
2075446588
2075367868
2075294741
2075228808
2075221104
2075146264
2075096452
2075090763
2075081014
2075063048
2075005002
2074099943
2074014026
2074010732
2073901659
2073878311
2073875487
2073872912
2073854574
2078833252
2077562719
2077492279
2075821729
2075744182
2075607728
2075174653
2075138278
2074956629
2074953863
2074922300
2074911024
2074848792
2074841688
2074763175
2074699592
2079007976
2079002968
2078795355
2078753881
2078712288
2078667833
2078642567
2078594950
2078457577
2076166088
2076144891
2076128053
2074931602
2074888521
2074875861
2074855515
2074830869
2074791404
2074762503
2074696699
2074637042
2074609940
2074552894
2073389104
2078904589
2078562748
2078066007
2077769267
2077770786
2077323015
2077255042
2077229761
2077172174
2077109396
2077025533
2076887569
2076727491
2076651867
2076612422
2076364428
2076323310
2075685294
2075378477
2075352060
2075241789
2075195445
2075096457
2078866797
2078857758
2078855000
2078845625
2078826512
2078831488
2078816297
2078802787
2078784027
2078753503
2078704848
2078633441
2078589143
2078540837
2078379064
2078296519
2078157116
2078017878
2078004822
2077736058
2077722275
2077694517
2077636786
2077633628
2077614200
2077611909
2077589085
2077601212
2077581702
2077530487
2077478341
2077439402
2077434027
2077342795
2077231941
2077191772
2077051786
2076961683
2076760629
2076637835
2076284897
2076247191
2076241753
2076232185
2076221874
2076198952
2076181041
2076173401
2076144330
2076133228
2076120572
2076068408
2076004341
2075965042
2075950518
2075895708
2075827468
2075791430
2075772038
2075705963
2075635963
2075533881
2075387911
2075351692
2075281273
2075208945
2075200023
2075095802
2075100165
2074938621
2074950908
2074942247
2074925221
2074921001
2074884637
2074857076
2074828800
2074817270
2074788741
2074698887
2074668614
2074645324
2073877534
2073874744
2073865033
2073855435
2073844886
2073829418
2073816938
2073801013
2073766511
2073761433
2073701967
2073662220
2073629424
2073600064
2073476417
2073445968
2073377859
2078796656
2078801067
2078769257
2077568175
2077518436
2076145064
2076150562
2075130829
2074934490
2074917256
2074907400
2074877206
2074821466
2073852518
2073849741
2073767083
2073677344
2073637861
2073609001
2073540107
2079023843
2078677685
2078645736
2078614434
2078452906
2078356492
2078205478
2078107829
2078085501
2078877212
2078886464
2078884048
2078872654
2078855562
2078852297
2078837451
2078683882
2078651089
2078468844
2078352063
2078218696
2078018942
2077503903
2077464490
2077454420
2077424064
2077239690
2077195146
2077138683
2077012549
2075925355
2075861214
2075814698
2075750245
2075608735
2075205866
2075190800
2075138811
2074694738
2074617151
2074534356
2074225116
2074143594
2074046991
2073621710
2073547179
2073522426
2078069373
2077992352
2077948736
2077905698
2077347387
2076890446
2076766790
2075925877
2075890677
2075822236
2075466417
2074318114
2074311902
2074271478
2073617878
2078998494
2079006464
2078978988
2078967788
2078939887
2078914373
2078911255
2077907469
2077787377
2077640249
2077616392
2076947437
2076599199
2076539627
2076508632
2076483833
2076428250
2075001155
2074991516
2074975950
2074956164
2074411097
2074012639
2073919896
2078994648
2079000076
2078908923
2078868143
2078857957
2078861505
2078838722
2078825362
2078830589
2078793460
2078783454
2078753714
2078705461
2077931157
2077872054
2077819101
2077786667
2077745061
2077734877
2077704524
2077662586
2077647458
2077614982
2077597047
2077594277
2077524386
2077492656
2077452893
2076241555
2076224999
2076210782
2076196681
2076181701
2076172971
2076157078
2076151303
2076107286
2076097680
2075829279
2074972552
2074954708
2074946938
2074949765
2074927750
2074925171
2074889580
2074870809
2074853675
2074817275
2074777171
2074744748
2074709310
2074687897
2074633632
2074596559
2074561320
2074241260
2074212106
2074191888
2074000385
2073907930
2073954030
2073951043
2073900807
2073884699
2073866749
2078583940
2078482717
2078098051
2078085087
2078036196
2077891181
2077537724
2077385492
2076726387
2076488368
2076149892
2076083602
2075595910
2074663984
2074588483
2074429149
2074404816
2074353404
2073720853
2073683215
2073645159
2073622305
2073581091
2073401967
2078026758
2077955538
2077886344
2078226087
2078118853
2077807022
2077774422
2077742181
2077708981
2076322599
2076267602
2075804308
2075750074
2075654460
2075568791
2075441175
2075379922
2075188249
2075194144
2075163310
2075130111
2074318609
2074304074
2074265825
2074223917
2079000059
2078969293
2078963906
2078803303
2078748093
2078741196
2078637344
2078569236
2078021262
2077876382
2077763520
2077729378
2077707955
2077490410
2077434722
2077351444
2077262175
2077068603
2076964783
2076798308
2076719822
2076618942
2076597490
2076454326
2076400645
2076362717
2076335473
2076294867
2075863348
2075812542
2075697607
2075598164
2075295269
2075247169
2075205356
2075096187
2075091710
2075072121
2075043869
2074969658
2074985993
2074743789
2074713301
2074655242
2074463001
2074313222
2074302742
2074244479
2074213160
2074192560
2074141479
2074008196
2074010737
2073906010
2073900844
2073557566
2073377062
2079009755
2076069418
2076036589
2075986099
2075945880
2075858764
2075813839
2075750141
2075657435
2075471311
2075389849
2075161599
2075141224
2075094932
2073759441
2073749929
2079022268
2078984199
2078842417
2078822020
2078796573
2078767267
2078752486
2078710285
2078655724
2078640920
2078495987
2078437068
2078286803
2078158402
2078044123
2078010084
2077887339
2077867001
2077843265
2077127767
2077027108
2076941595
2076794481
2076706851
2076646962
2076584045
2076527250
2076165043
2076138204
2076132453
2076103325
2076065613
2078722706
2078655966
2078616392
2078432285
2077642723
2077631039
2077599048
2077596400
2077594284
2077600955
2076193173
2076158899
2076134030
2076105862
2076083818
2076045242
2075949258
2075723690
2075597579
2075561620
2075386023
2075353066
2078993446
2078968628
2078963261
2078808232
2078794981
2078786352
2078422277
2078280414
2078155926
2078058367
2078027185
2077989565
2077943092
2077919753
2076479263
2076443220
2076404825
2076093492
2076054006
2076025126
2075968526
2075949947
2075898251
2075850552
2075811672
2075745311
2079007981
2078631654
2078532206
2078444524
2078356888
2077494121
2077390174
2077333684
2076594623
2075353300
2075248982
2075187829
2074406743
2074327661
2074320280
2074266696
2074224368
2073497372
2073448164
2078604516
2078561082
2078464078
2078356875
2078282284
2078176313
2078089641
2078014048
2077989539
2077910556
2077737486
2077699402
2077691267
2077680506
2077651023
2077632052
2077622829
2077238351
2077220411
2077138301
2077047096
2076956522
2076837980
2076799833
2076704855
2076645987
2076515259
2076445599
2076407137
2076217249
2075833900
2075792778
2075656736
2075446121
2075356591
2075167893
2075089913
2075053974
2074622213
2074569857
2074512529
2074456308
2074382294
2074359892
2074310954
2074274193
2074146630
2074106377
2074044849
2074013227
2073958965
2073926512
2073441153
2079003373
2078935772
2078908492
2078742873
2078200928
2077791671
2077757558
2077390644
2077338411
2076124268
2076084213
2076049266
2076012164
2075939675
2075828269
2075794598
2075087539
2074986750
2074984026
2074805942
2074359792
2074314723
2074302739
2074226651
2074146749
2074143382
2074105975
2074101494
2078902634
2078159555
2078061227
2078023626
2077948795
2077917623
2077817805
2077756724
2077704486
2077466089
2077439966
2077323019
2077206906
2077045986
2076957794
2076883771
2076762619
2076672241
2076361350
2076304642
2075057932
2075048967
2075041918
2074846164
2074805111
2074739971
2074711788
2074653379
2074614007
2074565845
2074505740
2074429134
2074261595
2074109404
2073742786
2073703460
2073683711
2073630111
2073559648
2078988900
2078957293
2078942272
2078874673
2078868472
2078697929
2078666921
2077987965
2077940974
2077884606
2077835664
2077769261
2077587769
2076191866
2075638016
2075290673
2075246716
2074936845
2073417808
2073382031
2078498908
2078080980
2077546374
2077535267
2077499252
2077466870
2076510004
2076467237
2076083394
2076040491
2075977631
2075929466
2074733112
2074605308
2074559490
2073807583
2073803006
2073767324
2078798386
2078795658
2078800451
2078782110
2078744949
2078712693
2078669719
2078637411
2078536374
2078464730
2074762355
2074412639
2074396790
2074357955
2073783986
2073760810
2073604195
2073562845
2073505272
2073461149
2073417824
2073393177
2079034549
2075080139
2074105583
2074100713
2073955276
2078040093
2078002520
2077982690
2077885924
2077876712
2077840087
2077812260
2077774402
2077603506
2077579014
2077545750
2076958492
2076663004
2076625731
2076590433
2076552977
2076508959
2075835943
2075795844
2075726252
2075609696
2074861665
2074798495
2074786803
2074749003
2074658882
2074594942
2074570654
2074491315
2074458907
2073998237
2073991925
2073785556
2073774891
2073573946
2073394627
2079019834
2078023470
2077992719
2077795902
2077697163
2075176390
2075152339
2075117294
2075026222
2074999715
2074686895
2074533054
2074451397
2074407912
2074391299
2074317959
2074304948
2074244128
2074216909
2074134193
2073437181
2073421841
2078824741
2078793709
2078777337
2078707122
2078692881
2078644459
2078064452
2077479872
2077419284
2077386602
2077367428
2076727669
2076467841
2076440285
2076033458
2075902382
2075861016
2075802874
2075448356
2075158009
2075125887
2075046307
2074846017
2074831253
2074805163
2074764251
2074516233
2074482486
2074442841
2074410408
2074329069
2078885911
2078882816
2078871149
2078864362
2078852688
2078850271
2078828597
2078834239
2078745173
2078714702
2078694192
2078644151
2078612300
2078544699
2078465825
2078429868
2078293381
2078210331
2077658218
2077652424
2077633807
2077625066
2077597228
2077594984
2077601450
2077569147
2077564956
2077541493
2077523206
2077476180
2077442457
2077396021
2077307246
2077270559
2077211622
2076214580
2076219797
2076185181
2076183580
2076190268
2076164091
2076138132
2076078387
2076043755
2075988843
2075947442
2075890643
2075808865
2075569699
2074924066
2074919885
2074887378
2074870901
2074852205
2074807838
2074790856
2074684055
2074623480
2074572866
2074518884
2074494277
2074433738
2074396795
2074327455
2074313363
2074300272
2074222031
2074146520
2074189917
2074008871
2073908389
2073906058
2073951995
2073922290
2073885509
2073874745
2073871486
2073862023
2073844650
2077010185
2076804828
2075599290
2075222877
2074531999
2074461443
2074415371
2074390630
2074318872
2074263574
2073375526
2077964045
2077932058
2077734478
2077677017
2077683607
2077649713
2077520391
2077466907
2077451483
2077407673
2077362245
2077310656
2077250754
2077201442
2077127498
2076953680
2076657557
2076617872
2076602012
2076522407
2076478754
2076462596
2076416302
2076374863
2076115359
2076087065
2075963370
2075906574
2075869351
2075381154
2075302539
2075244299
2075026048
2075011940
2075000090
2074798939
2074737018
2074702091
2074661164
2074595534
2074555304
2074534713
2074487541
2074481018
2074456073
2074413981
2074382965
2074351333
2073559649
2073512788
2073447678
2073423334
2077120434
2076838777
2076709557
2073704206
2078994780
2078988805
2078686967
2078582372
2078462648
2077917754
2077881686
2077836106
2077797503
2077261861
2077171116
2076532034
2076113228
2076062392
2075986885
2075920926
2075859935
2075803041
2075353286
2075246243
2075089123
2074878606
2074816349
2074613600
2074477225
2074452134
2074411250
2074356286
2073788020
2073760096
2073723901
2073584729
2073525263
2078599457
2078534784
2078435175
2078288479
2075085143
2074600679
2074554082
2074011166
2073956902
2073927207
2073924610
2073902289
2073886103
2073883402
2073881175
2073533890
2073492655
2078975579
2078951688
2078935420
2078531937
2078422957
2078294167
2078021007
2077804462
2077300958
2077251265
2077183314
2077108257
2077020806
2076830907
2076668584
2076620303
2076580518
2076442500
2076418631
2076389725
2076362645
2076296492
2074108982
2074002895
2078825770
2078795274
2078791265
2078752990
2076145600
2075975793
2075943566
2075859632
2074905051
2074867462
2074826870
2074811218
2078226227
2077778720
2077562687
2077011756
2076658071
2076487432
2076428129
2074568225
2074550058
2074148186
2073403871
2078978809
2078783749
2078620470
2076274094
2076177425
2076115670
2076067748
2076054119
2075795721
2075398733
2075360645
2075261095
2075214698
2074946970
2074878003
2074792642
2074723824
2073443309
2078984321
2078917750
2078894135
2077698410
2077615885
2076659804
2076378091
2076291054
2076232604
2076221569
2076187492
2076093079
2076045761
2075847230
2074526166
2074476655
2074452657
2074387199
2074302652
2073902712
2079019638
2078991165
2078962924
2078655013
2078611645
2078538056
2078463489
2077891564
2077808704
2077538086
2077516072
2077466125
2077433315
2077381114
2077306251
2077248157
2077177857
2077107867
2076762316
2078991547
2078965413
2078937395
2078926475
2078903382
2078877508
2078358576
2078223957
2076277056
2075060117
2074687514
2074616409
2074591588
2074513906
2074463899
2074428385
2074385734
2074358151
2077296989
2077219547
2076728869
2076652970
2076627197
2076148188
2073853907
2073850384
2073781146
2073769814
2077454033
2077416087
2077402070
2077336859
2077279509
2077235007
2077187218
2076796692
2074774960
2074759900
2074321576
2074267534
2073774959
2073691373
2078371852
2078213662
2078170686
2078043827
2077922003
2077882353
2077845247
2077821705
2077732778
2077703735
2077517887
2077497110
2077465274
2077369751
2077314177
2077237659
2075788021
2075696080
2075598965
2075538996
2075473322
2075069079
2075008279
2074795772
2074780010
2074729055
2074658453
2074414660
2074391284
2074132412
2074045299
2073999399
2073740285
2073698763
2073649573
2073620512
2073576650
2078975833
2078786046
2078764247
2078707334
2078691643
2078595201
2077956103
2077776190
2077045249
2076963010
2076709064
2076669940
2076640512
2076494108
2076458458
2076358983
2076018139
2075988474
2075943301
2075844437
2075368322
2075235918
2075190917
2075155120
2074891923
2074808094
2074774397
2074681453
2074460825
2074425335
2074404396
2073842345
2073826561
2073794283
2073776455
2078885657
2078851820
2078840763
2078803666
2078775675
2078663838
2078640455
2078441504
2077735409
2077635950
2077626452
2077580114
2077536932
2077499164
2077295411
2077168665
2076255472
2076221063
2076203652
2076201220
2076169267
2076164416
2076013312
2075885082
2074908147
2074901982
2074891682
2074857072
2074827854
2074805850
2074747370
2074698061
2073847316
2073850325
2073806257
2073803431
2073756560
2073728658
2073701468
2073639684
2076141006
2076125349
2076045665
2075998953
2075949499
2075921613
2075850571
2075802336
2075705964
2077525165
2077483290
2077410890
2077349972
2077276134
2077206870
2077179846
2076831853
2076169910
2076107314
2076087895
2076071205
2073757223
2073738795
2073706952
2073686399
2073618608
2078446568
2077858617
2077842626
2077370697
2077296659
2077241883
2077174611
2077131361
2076506176
2076448864
2076323549
2078354293
2077864121
2077465268
2077290615
2077236188
2077188614
2077161076
2077058313
2076737521
2076618554
2078825149
2078839988
2078797788
2078814189
2078786757
2078770978
2078760579
2078713362
2078691709
2078649815
2078602250
2078439083
2078179116
2078067696
2078042220
2078002700
2077596951
2077594980
2077592375
2077487356
2077453335
2077411088
2076941661
2076830169
2076709700
2076652638
2076630447
2076577069
2075874383
2075841381
2075759706
2075751661
2075701089
2075479069
2075399536
2075358795
2075283141
2078917308
2078930625
2078604898
2078538822
2078459584
2078203768
2078098059
2078081436
2078002982
2077970189
2077824151
2077770940
2077584671
2077574902
2077563811
2077542612
2077524235
2077494779
2077463207
2077436779
2077374766
2077309014
2077257304
2077206327
2077183305
2077057625
2076949430
2076725445
2076668805
2076629090
2076551702
2076509335
2076483874
2076456274
2076347119
2076316842
2076296547
2076261301
2075444629
2075367638
2075274775
2075201420
2075163949
2078779747
2078749780
2078702937
2078489688
2078297809
2078114689
2078064371
2078032430
2077990698
2078722666
2078608654
2077947637
2077464894
2077425870
2077383144
2077302491
2077013177
2076570221
2076533677
2076432610
2076401443
2076066171
2075999743
2075898928
2075789463
2075705630
2075175096
2075143121
2075040496
2074574381
2074147299
2073749787
2073724597
2073686382
2076293278
2076281499
2076239880
2075272669
2075213138
2075080175
2075060565
2074429315
2074393503
2074314122
2074301595
2078751922
2078700312
2078931410
2078904788
2078900208
2078886142
2078824929
2078839823
2078798731
2078814194
2078777391
2077711193
2077700263
2077685350
2077495945
2077450029
2077407285
2074860770
2074823853
2073860163
2073806519
2073822473
2073796976
2078807968
2078811773
2078641159
2078590548
2077606295
2077555844
2077527482
2077455650
2077415670
2077185249
2077104191
2076736181
2076575143
2075902222
2074948220
2074937321
2074942460
2074922358
2074889258
2074866064
2074850312
2074790648
2073792278
2073727024
2073714648
2073533093
2073426864
2073379504
2078608407
2078494759
2078057406
2077816977
2076459280
2076408250
2075991274
2075904428
2075228338
2075202347
2074363194
2074196061
2074190294
2074130881
2073688035
2073473162
2078830839
2078800068
2078768181
2078757336
2078642855
2078489183
2078450929
2077945159
2076468408
2073580197
2079022387
2077967932
2077950167
2077677747
2077672285
2077647185
2076542495
2076490898
2076432982
2076378189
2076363658
2076336944
2076283507
2076259857
2076221650
2075046927
2075025792
2075021350
2075003147
2074991928
2074272337
2078846276
2078844784
2078843670
2078826226
2078822354
2078807288
2078801723
2078561680
2078979417
2078967726
2078918379
2076365912
2075885038
2075773239
2074509632
2074449232
2074412161
2074322243
2074275873
2074040639
2073994008
2078714793
2077404855
2077346832
2077312863
2077192695
2075886029
2074614995
2074587291
2074500942
2073567492
2073491366
2078978188
2078116838
2076610139
2076401647
2075533420
2073851523
2073840742
2073824448
2073727316
2073696778
2073657722
2078881994
2078859158
2078862618
2078850003
2078745241
2078433764
2078289802
2078064896
2077226721
2077148065
2076897360
2076790899
2076702025
2076650174
2078610666
2077761281
2077545204
2077483172
2077304313
2077018199
2076897493
2076705921
2076634373
2076439873
2076116402
2076023255
2074775396
2074737508
2074211579
2074106671
2073798721
2073730138
2073669378
2077995237
2077458303
2077427664
2077261443
2077202950
2077165382
2077057778
2077012830
2076889115
2076792560
2076677998
2076652057
2076620421
2076491720
2076107033
2076101704
2076042980
2074860264
2074403493
2074333019
2073767887
2073775343
2079034867
2079007839
2078987939
2078009072
2077973249
2077941563
2077893582
2076961330
2076881171
2076659121
2076604935
2076581489
2076549845
2076503136
2076274499
2075376689
2075284066
2075124792
2075105473
2074448306
2074425676
2074363736
2074322385
2074303429
2074265370
2074240112
2074195609
2078950790
2078638377
2078346253
2078223066
2078155095
2077914507
2077199514
2076962566
2076798295
2076659720
2076620696
2076538536
2075950856
2075891562
2075805196
2075196079
2075165847
2075141448
2075100872
2075075436
2074630235
2074575073
2074524222
2073878701
2073882978
2073592564
2073544101
2073509827
2073449093
2079000018
2078924676
2078878797
2078869065
2077204162
2077146865
2077063140
2076791291
2076708463
2076427121
2076091856
2076063518
2075442893
2075306011
2075170848
2075118894
2074821093
2074790776
2074664506
2074533512
2074429506
2074406049
2078657160
2078646325
2078599084
2078371527
2077969516
2077948320
2077442623
2077397696
2077333503
2077251498
2077042794
2076943702
2076830092
2076651660
2076595010
2076553279
2075746764
2075690084
2075565764
2075442211
2075371019
2075302361
2075231189
2075196671
2075145622
2075122016
2073875464
2078785142
2078484402
2078444342
2078222633
2078063487
2077979303
2077974388
2077897747
2077818266
2077787790
2077734926
2077699337
2077491122
2077410514
2077261340
2077162597
2077061454
2077011483
2076727750
2076445940
2076430472
2076115358
2076090837
2075954286
2075902400
2075719904
2075590506
2075153804
2075119830
2075091380
2075075702
2075048484
2074851571
2074839825
2074776406
2074743778
2074712264
2074664509
2074625103
2074584525
2074484612
2074443006
2074420355
2074367735
2074102683
2073756411
2073706863
2073627885
2073471885
2073411733
2073326980
2079021856
2079005628
2078974119
2078949276
2078488636
2078462361
2077915547
2077789479
2077770515
2077183505
2077129937
2076543260
2076484585
2076451268
2076417492
2076365653
2076349905
2076312350
2076288498
2076280282
2076253630
2075686253
2075170321
2075155755
2075125982
2075109500
2075055568
2075064167
2074744560
2074660159
2074389829
2074351369
2074313236
2074275776
2078745902
2078654916
2078583742
2078491885
2077555790
2077544180
2077515777
2077501690
2077423419
2077358235
2077141829
2076534888
2076181315
2076137832
2076106952
2074715793
2074210925
2074133322
2078715632
2078682090
2078604630
2078491213
2078340176
2077876290
2077560448
2077516903
2077469107
2077425523
2077392398
2077344046
2077143303
2076580212
2076516925
2075165796
2075091247
2075036968
2075014630
2074386757
2074364854
2078831617
2078816940
2078794312
2078789926
2078754307
2077803409
2077781320
2077729136
2077710692
2077694563
2077671053
2077627392
2077585573
2077569470
2077549195
2077551741
2077523935
2077494802
2077465284
2075776257
2075680790
2074980804
2074958040
2074960143
2074945607
2074939971
2074920892
2074906185
2074864440
2074840826
2073630525
2078065342
2077943164
2077920075
2077877372
2077840950
2077801199
2076653839
2076606007
2076562371
2076531670
2076477226
2076460269
2076408399
2076369402
2075805222
2075685315
2075600903
2075395472
2075350368
2075089700
2075082770
2075048077
2075037964
2075032251
2075020069
2074560770
2074533430
2074501204
2074436367
2074430790
2074404100
2077932123
2076321592
2076309776
2078970289
2078937326
2078757484
2078679037
2077503723
2077481815
2077417620
2076195952
2076192522
2076166190
2076160135
2073951428
2078857209
2078860705
2078838382
2078827151
2078798214
2078814536
2078046090
2078006965
2077626191
2077620926
2077597428
2077589393
2077601001
2077251344
2077210434
2077165163
2077062327
2076248309
2076242891
2076216057
2076221478
2076198785
2076196684
2076182810
2073366045
2078534079
2078447600
2078113825
2078033181
2077968096
2077935201
2077883956
2077846588
2077826210
2077768468
2077752828
2077714307
2077704082
2077415417
2077393124
2077293928
2078489821
2077600797
2077558857
2077562506
2077496078
2077279166
2077205399
2076171909
2076150039
2074910274
2074900833
2074859578
2073856770
2073572522
2073532460
2078886531
2078053736
2076176908
2074841331
2078806186
2078778195
2078764882
2078685971
2078666021
2077935704
2077619955
2077589021
2077586269
2077572653
2077528249
2077502510
2076956605
2076884304
2079018152
2079003259
2078958537
2078966739
2078868211
2078030403
2077999736
2077896628
2077706820
2077676679
2077672379
2077639378
2077630684
2077609511
2077606893
2077594417
2077585940
2076367343
2076350730
2076330823
2076264820
2076199633
2076186204
2076202369
2076153461
2076103249
2076089994
2075057269
2075047573
2074937923
2074936518
2074941138
2074931405
2074888632
2074852185
2074104782
2074006756
2074016914
2073999935
2073584940
2073440457
2076725429
2074926541
2074921412
2079007575
2078999948
2078725771
2078664734
2078603689
2078535953
2078452932
2078156864
2078088092
2078044598
2078840681
2078798908
2078802302
2077911162
2077593906
2077584928
2077568304
2077555117
2077550462
2077513715
2077487558
2077454414
2076762864
2076654081
2075268541
2075227469
2075187982
2075175422
2074690456
2074617178
2074595863
2074275153
2073818948
2073803784
2073785563
2073748009
2073709914
2073664767
2073630518
2073579243
2073551075
2073525284
2073443317
2073388002
2078878258
2078866048
2078856306
2078796029
2077662785
2077624763
2077594948
2077586458
2077576993
2077406183
2076229745
2075993043
2075808686
2075060466
2075033985
2074995058
2074981570
2074919705
2074922713
2074606128
2074417965
2073924132
2073919977
2073844638
2073526888
2079012569
2078977139
2078954405
2078796504
2078787639
2078766643
2078754571
2078721883
2078568579
2077385761
2077300798
2075636896
2075360618
2075281274
2075227753
2075169637
2075143929
2075086382
2075069416
2074826622
2074815164
2074749112
2074730882
2074639686
2074608004
2074580115
2074536178
2074498683
2074420425
2074366872
2074353925
2074331256
2074277328
2074264849
2073959400
2073693995
2073642972
2073596197
2073550913
2077585986
2077582053
2077512328
2077464167
2077426598
2077184775
2077127771
2077015900
2076538622
2076497107
2076198039
2076192496
2076169442
2076174046
2076159564
2076141998
2076124203
2076079082
2076037712
2075201811
2075129560
2078980642
2078952938
2078944592
2078924220
2078853976
2078851431
2078844270
2078818032
2078805259
2078779168
2077903127
2077864185
2077837124
2077650730
2077626386
2077623045
2077608993
2077338877
2077301666
2076297590
2076275130
2076246910
2074424179
2074019333
2073994340
2077566317
2077304188
2077275367
2077143533
2077046041
2076502466
2076447457
2075058544
2075026221
2074992611
2074983896
2074962961
2074957153
2074311221
2074269487
2074261310
2074192374
2074011280
2073929449
2077645754
2077627956
2077617401
2077609465
2077606421
2077593903
2077585360
2077576555
2077556569
2077544921
2077463469
2077450828
2077369636
2077316270
2076837052
2076233291
2076214044
2076219960
2074975482
2074971986
2074954692
2074945978
2074943447
2074931284
2074908413
2074902596
2074875976
2074864710
2074836670
2074820876
2074784236
2074336259
2074311959
2074100618
2074002452
2073869198
2073874443
2077609481
2077609828
2077574024
2077548253
2077529596
2077497747
2077480439
2074886977
2074877915
2074871022
2074844054
2074809779
2074743776
2074603800
2073880316
2073509435
2073477612
2073450964
2073394229
2078679908
2078426360
2078283582
2077339931
2077290378
2077137124
2076618552
2076096255
2074871549
2074838741
2073798257
2073725580
2073568849
2077922455
2077880398
2077841780
2077796980
2077627884
2077623602
2076802653
2076677090
2076648096
2076485651
2076453726
2076406679
2076300528
2076273158
2075443885
2075371628
2075032807
2074303551
2074262980
2074010266
2073957104
2078981259
2078059734
2078042706
2078001219
2075986126
2075946189
2075608412
2075233941
2074543941
2074496440
2074461062
2073854587
2073843343
2073824722
2073811402
2073766839
2078869218
2078867005
2078856535
2077630916
2077596413
2077602834
2077579115
2077567649
2077518147
2077495224
2077451604
2077309447
2076200060
2076179856
2076163482
2076156944
2076140122
2076124264
2076079552
2076029203
2075819444
2075727566
2075680291
2075464398
2073925812
2073888300
2073885883
2073883523
2073872330
2073862617
2073845293
2073807374
2073810532
2078757996
2078595318
2078203196
2078100883
2077969512
2077755234
2077724410
2077302032
2077106580
2076883344
2076722008
2076557650
2076521524
2076411709
2076353061
2076314045
2076131028
2075846793
2075697177
2075606940
2075472479
2075356001
2075291580
2075040165
2075030851
2074451042
2074019519
2073996137
2073993023
2073951816
2075461595
2075187690
2074809857
2074654543
2074630917
2074590709
2074519558
2073612388
2076672194
2076645983
2074859723
2073796513
2073549888
2077231844
2078681719
2078546849
2078093971
2078019388
2077975004
2077955317
2077878218
2077838003
2077812044
2077508958
2077318328
2077267466
2077212326
2077135577
2076965794
2076728235
2076520678
2076484240
2076442355
2076418748
2076065785
2076017740
2075966902
2075873390
2075837887
2075781312
2075700207
2075591483
2075461499
2075381521
2075077000
2075047173
2074818622
2074757519
2074635932
2074526690
2074478037
2074451636
2074242763
2074148114
2073704214
2073611940
2073572164
2073383055
2078940765
2078909683
2076341161
2076303681
2076283271
2075535989
2075462051
2074725512
2074689354
2074624334
2074581268
2074519086
2078227712
2078093938
2077879151
2077776643
2077753123
2077712043
2077696226
2076154511
2075367229
2075301137
2075232088
2074924616
2074872430
2074826270
2074802916
2073870650
2073845380
2073829640
2073806646
2075840727
2075758366
2074429680
2074270456
2073668326
2073635232
2078462144
2078925868
2078904132
2077997512
2077961906
2077778127
2077727941
2077562221
2077518321
2077376411
2077303539
2077235069
2076966391
2076533708
2076485512
2075144680
2075122329
2075110234
2075080161
2075044897
2073328120
2078618654
2078539252
2078424166
2078290722
2078155763
2077784334
2076020147
2075965184
2075788902
2075124386
2074838816
2074817196
2074775653
2074728791
2074691597
2074634780
2074415894
2074393129
2073671372
2079035210
2079016335
2078989177
2078955319
2078610296
2078488866
2078461024
2078374625
2078118156
2078048684
2077988673
2077936213
2077904958
2077874779
2077511527
2077465757
2077436203
2077397825
2077318856
2077269893
2077146908
2077043417
2076940360
2076806315
2076703603
2076609055
2076507465
2076454872
2076074820
2076042603
2075994629
2075957511
2075839423
2075810120
2075704892
2075389230
2075189765
2074579255
2074456346
2074409357
2073557115
2073517912
2078938604
2077437549
2077277981
2076405500
2076372488
2076360244
2076083544
2076045831
2076005860
2075633569
2075468399
2078542596
2078353423
2077368201
2077333698
2077273975
2077224536
2077163246
2077056667
2076594126
2076539713
2076395662
2076029823
2075987565
2075889257
2075866042
2075798601
2075776373
2075690227
2075563912
2075243110
2075179438
2074653188
2074604523
2074580204
2074482541
2073716201
2073669683
2073640835
2073574625
2078590537
2078450472
2078157621
2077883868
2077319000
2077273125
2077160220
2077046033
2076166360
2074551308
2074506192
2078829273
2076104355
2074814897
2074737158
2073782835
2079020679
2078609555
2077824907
2077191483
2076968501
2076884531
2076791807
2076476314
2076463710
2076378660
2076026766
2075071942
2073549395
2079000548
2077202844
2077127716
2076625472
2076522168
2076499992
2076428177
2076406861
2075949353
2075871916
2076354137
2076275741
2075388948
2074466822
2079029846
2078957587
2078955030
2078944241
2078932076
2078922197
2078878501
2078886033
2078868580
2078870205
2077963031
2077917825
2077900390
2076342633
2076319999
2075029974
2075003957
2074995092
2074990707
2074827441
2074796480
2074771852
2074728230
2078965213
2078950531
2078697549
2078672755
2078612616
2078067559
2078015090
2077373046
2077316780
2077254912
2077215125
2077167820
2076027195
2075979994
2075822548
2075472743
2074824631
2074789282
2074764148
2074669698
2074631071
2074273618
2075749778
2074822940
2073791075
2079007850
2078983587
2078956267
2078739950
2078690354
2078646862
2078620917
2078581771
2078422558
2078296181
2077999263
2077934424
2077880681
2077548325
2077471095
2077435747
2077319033
2075984046
2075269531
2074541702
2074487672
2074367411
2074308656
2074271902
2077929394
2077897223
2077452872
2077401430
2076422277
2076065974
2075857541
2075747210
2075657750
2075448243
2075365878
2075170403
2074907047
2074897775
2074845868
2074718106
2074277006
2073788865
2073764845
2073747312
2073647148
2073584674
2073505121
2073449702
2073416032
2078978461
2078801122
2078773989
2077321244
2077189004
2075560190
2075131785
2074909545
2074890695
2074216004
2074142604
2073818016
2078667082
2078634547
2077359060
2077295237
2076801348
2076658203
2076647979
2076349418
2076337811
2076307801
2076243784
2074636425
2074591116
2074494943
2074438732
2074139360
2073714659
2073661684
2073621600
2073568557
2073502204
2078990103
2078973306
2078952507
2077943914
2077878713
2077861965
2077181494
2076450784
2075981416
2074304769
2078108839
2078065324
2078002086
2077895654
2077847610
2077503210
2077439490
2077426964
2077336382
2076880601
2076647124
2076586748
2076563021
2076376009
2076356748
2076041048
2076010339
2075865303
2075808032
2075684706
2075440672
2075277753
2075231519
2075140137
2074873691
2074862512
2074808838
2074735908
2074686857
2074620340
2074573111
2074523412
2073759551
2073739343
2073697935
2073656509
2073611969
2073567214
2073522786
2078856823
2078847790
2078836542
2078825875
2078779059
2078725442
2078672536
2077532843
2077495519
2077212709
2077011031
2076507377
2079019993
2078985886
2078932311
2078912168
2078629849
2078592734
2078485493
2078444596
2078354535
2078223318
2078105838
2077779316
2077753558
2077711370
2074862218
2074824122
2074804471
2074745919
2074569225
2074554506
2074446373
2074410839
2079020712
2078986614
2078967854
2078283688
2078063257
2077979482
2077938004
2077924349
2077855802
2077771974
2077739118
2077705910
