45294480
71210361
42858327
41786038
36457501
45294480
61649992
68983701
60023630
54960620
34773011
60023630
38852202
49232724
19131553
38852202
49232724
19131553
35435246
69823143
59276208
35435246
35642532
26090650
34296114
19995613
35642532
19570982
25285352
19995613
47100691
29314351
22343506
60374567
27719226
53855991
70989195
26472228
33987970
20112175
60374567
27719226
53855991
70989195
26472228
33987970
20112175
53318381
25549101
71112727
35642532
68429164
21241388
21262532
66292800
44329983
71112727
34065370
20174782
21241388
21262532
66292800
44329983
31582429
69952635
23141006
22951994
20851493
66960070
43567162
31582429
31737853
24443090
7250
20851493
66689894
67892506
31042844
31737853
24443090
7250
64962497
66689894
67892506
20805666
25802332
52424
19441663
64962497
66960070
41781854
34062708
22838304
30018113
36349557
50827543
66573777
41781854
34062708
22838304
21134311
36349557
50827543
66573777
57639667
39089073
25826554
21134311
23858694
26314816
38353859
64884007
63683127
63683127
40984793
35345536
21805198
22057797
20624362
35345536
21805198
23650683
51577926
44168773
21809691
23650683
51577926
44168773
28420724
27393409
38894790
62524094
26667413
28420724
27393409
38894790
41942775
65730984
52372786
66541554
35110720
21549303
52372786
24560785
37418540
43986748
21246722
68923110
28661557
29595436
28921819
22005573
30145439
66401633
73469273
20823651
39902924
24437946
35169501
21567033
23557909
23991095
39902924
67096046
27629778
19975245
19975245
19975245
19975245
19975245
20635097
28835988
138243
24147460
43996265
28835988
35221469
20872161
24147460
20224682
23047261
40999945
67419639
20224682
23047261
40999945
67419639
26185318
46122143
48547745
26206543
26185318
46122143
390600
26206543
23010419
21362606
390600
43839117
36830904
21362606
53630931
43839117
36830904
30170613
53630931
23272033
20074883
30170613
22991854
53561122
44460885
61748826
20074883
25005620
36111109
22019756
60030871
25241605
34383236
20299680
40703542
36111109
67511100
40307725
25241605
34383236
24391296
40703542
30206248
48310512
40307725
40414469
23716387
24777351
19979141
30206248
48310512
21453186
23322553
23716387
157809
19979141
25718805
36385085
21453186
23322553
55905442
157809
41216586
25718805
36385085
22421503
44132348
55905442
60074352
41216586
30046249
66140598
53878732
40219729
20830026
60074352
56149487
30046249
66140598
32783461
36742097
40977891
29362500
65875
72361742
33400631
22114860
36742097
40977891
543271
22403576
41926290
40111336
22114860
39863925
36764744
543271
10077
41926290
40111336
20776898
39863925
36764744
73120157
10077
37876161
38929520
20776898
52771019
564332
53373482
22724185
32400810
38929520
47790762
61262371
564332
53373482
22724185
32400810
35450205
47790762
61262371
19263738
36840047
28949426
36447212
45423276
47556854
51137811
30365948
42839293
25629080
36447212
45423276
47556854
68062802
30365948
42839293
25629080
20435125
45826769
25171619
68062802
34019125
23715786
19806051
19770082
70071030
25171619
36368336
20028460
23715786
19806051
19936601
39193696
20303384
47577858
20028460
43807141
22922261
21903966
39193696
22421503
47577858
23490437
39028853
28978271
21903966
45826769
56473148
25410121
23490437
28530150
28903785
525607
39497364
40947465
21193156
28789992
28530150
28903785
525607
24859924
21537342
59267572
57039082
23180343
28452508
23645787
69769708
22646590
31816131
23645787
26082266
29623445
28539597
32294661
38857618
26082266
67460934
29623445
26637516
32294661
38857618
19199530
36361776
20009076
22021131
21644676
23965783
72820660
72019473
43222136
32027822
22021131
21644676
20397533
71899217
42654552
20314941
32027822
41735996
36601851
20397533
71899217
27449942
34605112
29459965
41735996
30478559
20441329
20962399
34250672
34605112
29459965
21208280
30478559
20441329
20962399
32250671
44945692
29623445
21208280
200553
22611543
28039649
20806926
44945692
22776763
29582753
31951496
22611543
20947579
20806926
68512328
22776763
29582753
37334766
